Tiempo (ms),IR,AMB_IR,RED,AMB_RED,IR_net,RED_net
2000,58577,900,61249,857,57677,60392
2015,58592,881,61261,845,57711,60416
2032,58636,886,61342,848,57750,60494
2049,58697,905,61389,854,57792,60535
2065,58736,908,61439,872,57828,60567
2082,58760,904,61478,861,57856,60617
2099,58770,885,61508,856,57885,60652
2115,58788,880,61520,842,57908,60678
2132,58814,885,61544,839,57929,60705
2149,58837,898,61581,855,57939,60726
2165,58856,902,61570,864,57954,60706
2182,58846,902,61598,864,57944,60734
2199,58841,887,61563,850,57954,60713
2215,58823,875,61545,834,57948,60711
2232,58832,881,61549,840,57951,60709
2249,58860,895,61584,852,57965,60732
2265,58879,898,61613,860,57981,60753
2282,58889,900,61625,868,57989,60757
2299,58907,886,61617,852,58021,60765
2315,58892,879,61635,842,58013,60793
2332,58918,881,61630,843,58037,60787
2349,58941,900,61682,853,58041,60829
2365,58970,909,61713,864,58061,60849
2382,58980,905,61712,865,58075,60847
2399,58989,891,61720,851,58098,60869
2415,58979,878,61697,842,58101,60855
2432,58997,879,61728,843,58118,60885
2449,59018,900,61748,855,58118,60893
2465,59034,904,61792,867,58130,60925
2482,59040,899,61790,865,58141,60925
2499,59034,885,61782,850,58149,60932
2515,59035,886,61780,837,58149,60943
2532,59050,881,61785,836,58169,60949
2549,59070,903,61816,854,58167,60962
2565,59091,901,61828,859,58190,60969
2582,59086,901,61838,864,58185,60974
2599,59103,883,61826,846,58220,60980
2615,59094,876,61814,834,58218,60980
2632,59106,880,61843,832,58226,61011
2649,59112,899,61847,843,58213,61004
2665,59104,906,61818,864,58198,60954
2682,59063,901,61750,865,58162,60885
2699,58968,880,61626,846,58088,60780
2715,58839,871,61470,835,57968,60635
2732,58762,881,61334,837,57881,60497
2749,58726,894,61299,850,57832,60449
2765,58745,899,61307,862,57846,60445
2782,58773,896,61359,856,57877,60503
2799,58807,877,61389,847,57930,60542
2815,58823,868,61420,828,57955,60592
2832,58865,874,61460,831,57991,60629
2849,58893,895,61515,844,57998,60671
2865,58936,893,61549,859,58043,60690
2882,58950,898,61581,859,58052,60722
2899,58970,880,61577,846,58090,60731
2915,58964,872,61593,835,58092,60758
2932,58985,875,61595,828,58110,60767
2949,58991,897,61621,845,58094,60776
2966,59015,898,61639,859,58117,60780
2982,59004,892,61632,854,58112,60778
2999,58997,886,61613,838,58111,60775
3016,58991,869,61603,828,58122,60775
3031,59007,871,61615,837,58136,60778
3048,59034,893,61664,850,58141,60814
3065,59065,897,61687,855,58168,60832
3081,59073,894,61709,853,58179,60856
3098,59072,875,61702,842,58197,60860
3115,59084,869,61716,827,58215,60889
3131,59110,871,61732,838,58239,60894
3148,59132,895,61759,845,58237,60914
3165,59151,894,61783,857,58257,60926
3181,59157,886,61782,849,58271,60933
3198,59151,876,61795,841,58275,60954
3215,59152,869,61794,823,58283,60971
3231,59170,873,61808,838,58297,60970
3248,59202,891,61838,847,58311,60991
3265,59215,895,61841,863,58320,60978
3281,59214,890,61843,850,58324,60993
3298,59206,878,61831,839,58328,60992
3315,59212,870,61839,828,58342,61011
3331,59230,875,61869,836,58355,61033
3348,59252,887,61882,849,58365,61033
3365,59271,899,61915,855,58372,61060
3381,59276,897,61910,851,58379,61059
3398,59266,881,61895,837,58385,61058
3415,59263,870,61891,831,58393,61060
3431,59278,876,61905,838,58402,61067
3448,59271,893,61883,849,58378,61034
3465,59235,895,61816,857,58340,60959
3481,59158,890,61717,849,58268,60868
3498,59028,877,61519,841,58151,60678
3515,58915,870,61385,826,58045,60559
3531,58873,877,61329,834,57996,60495
3548,58883,888,61336,843,57995,60493
3565,58916,892,61378,854,58024,60524
3581,58953,887,61419,846,58066,60573
3598,58967,872,61459,839,58095,60620
3615,58999,865,61489,827,58134,60662
3631,59032,875,61542,835,58157,60707
3648,59076,893,61569,843,58183,60726
3665,59106,894,61618,856,58212,60762
3681,59124,886,61622,842,58238,60780
3698,59121,872,61645,832,58249,60813
3715,59134,864,61648,824,58270,60824
3731,59154,871,61650,834,58283,60816
3748,59168,890,61693,844,58278,60849
3765,59182,891,61693,854,58291,60839
3781,59174,891,61687,843,58283,60844
3798,59161,867,61667,831,58294,60836
3815,59165,860,61666,825,58305,60841
3831,59190,875,61696,835,58315,60861
3848,59220,890,61725,848,58330,60877
3865,59252,898,61759,854,58354,60905
3881,59255,890,61769,848,58365,60921
3898,59254,874,61783,842,58380,60941
3915,59264,872,61779,830,58392,60949
3931,59291,878,61818,841,58413,60977
3948,59322,893,61832,848,58429,60984
3965,59341,891,61873,859,58450,61014
3981,59336,891,61863,845,58445,61018
3998,59330,873,61853,838,58457,61015
4015,59336,866,61876,825,58470,61051
4032,59353,880,61874,834,58473,61040
4047,59378,892,61920,854,58486,61066
4064,59392,895,61880,857,58497,61023
4081,59397,884,61891,848,58513,61043
4097,59380,873,61893,829,58507,61064
4114,59391,867,61910,828,58524,61082
4131,59413,882,61919,837,58531,61082
4147,59436,894,61978,852,58542,61126
4164,59452,896,61974,857,58556,61117
4181,59447,880,61957,848,58567,61109
4197,59442,869,61966,833,58573,61133
4214,59445,866,61979,829,58579,61150
4231,59463,881,61960,834,58582,61126
4247,59489,888,62010,851,58601,61159
4264,59492,893,62017,852,58599,61165
4281,59485,878,61978,837,58607,61141
4297,59444,867,61939,824,58577,61115
4314,59398,867,61847,827,58531,61020
4331,59308,880,61756,835,58428,60921
4347,59209,884,61611,852,58325,60759
4364,59127,890,61480,851,58237,60629
4381,59090,875,61421,842,58215,60579
4397,59079,871,61432,830,58208,60602
4414,59110,866,61470,826,58244,60644
4431,59167,879,61538,833,58288,60705
4447,59216,886,61598,852,58330,60746
4464,59258,890,61647,851,58368,60796
4481,59280,882,61647,845,58398,60802
4497,59289,868,61682,835,58421,60847
4514,59307,863,61722,821,58444,60901
4531,59334,878,61744,837,58456,60907
4547,59366,883,61751,854,58483,60897
4564,59380,891,61805,850,58489,60955
4581,59378,876,61780,840,58502,60940
4597,59369,868,61750,833,58501,60917
4614,59359,862,61752,825,58497,60927
4631,59366,876,61775,830,58490,60945
4647,59393,887,61768,856,58506,60912
4664,59403,894,61804,855,58509,60949
4681,59417,879,61808,835,58538,60973
4697,59410,868,61809,826,58542,60983
4714,59421,865,61833,824,58556,61009
4731,59450,880,61846,839,58570,61007
4747,59476,886,61887,854,58590,61033
4764,59493,890,61899,850,58603,61049
4781,59496,874,61892,837,58622,61055
4797,59494,863,61896,827,58631,61069
4814,59510,859,61918,817,58651,61101
4831,59519,877,61890,834,58642,61056
4847,59546,883,61958,856,58663,61102
4864,59558,886,61984,850,58672,61134
4881,59554,879,61962,837,58675,61125
4897,59546,862,61974,834,58684,61140
4914,59555,863,61965,820,58692,61145
4931,59576,866,62005,832,58710,61173
4947,59599,886,62008,852,58713,61156
4964,59614,890,62022,848,58724,61174
4981,59614,883,62013,839,58731,61174
4997,59602,860,62019,832,58742,61187
5014,59612,862,61981,820,58750,61161
5031,59626,864,62008,835,58762,61173
5048,59648,890,62047,858,58758,61189
5063,59663,887,62070,849,58776,61221
5080,59652,873,62055,834,58779,61221
5097,59659,862,62038,831,58797,61207
5113,59663,858,62054,826,58805,61228
5130,59686,875,62053,833,58811,61220
5147,59696,888,62075,857,58808,61218
5163,59669,887,62028,841,58782,61187
5180,59606,874,61957,838,58732,61119
5197,59535,859,61860,828,58676,61032
5213,59429,858,61712,824,58571,60888
5230,59372,870,61610,829,58502,60781
5247,59344,887,61585,854,58457,60731
5263,59353,887,61592,847,58466,60745
5280,59370,871,61601,830,58499,60771
5297,59414,861,61664,824,58553,60840
5313,59457,857,61716,824,58600,60892
5330,59504,879,61779,832,58625,60947
5347,59544,889,61840,853,58655,60987
5363,59558,880,61843,833,58678,61010
5380,59565,872,61840,836,58693,61004
5397,59586,857,61886,833,58729,61053
5413,59585,861,61885,826,58724,61059
5430,59613,873,61914,835,58740,61079
5447,59623,887,61917,852,58736,61065
5463,59613,885,61904,840,58728,61064
5480,59599,870,61895,832,58729,61063
5497,59599,859,61857,826,58740,61031
5513,59601,864,61867,825,58737,61042
5530,59629,878,61897,832,58751,61065
5547,59646,888,61943,853,58758,61090
5563,59656,883,61941,839,58773,61102
5580,59650,867,61921,831,58783,61090
5597,59659,855,61916,820,58804,61096
5613,59675,855,61944,821,58820,61123
5630,59698,877,61997,828,58821,61169
5647,59737,884,61985,851,58853,61134
5663,59731,884,62015,841,58847,61174
5680,59721,870,62030,837,58851,61193
5697,59731,857,61984,827,58874,61157
5713,59742,861,62014,827,58881,61187
5730,59757,877,62023,829,58880,61194
5747,59788,883,62052,851,58905,61201
5763,59778,885,62067,843,58893,61224
5780,59772,869,62063,835,58903,61228
5797,59779,866,62047,826,58913,61221
5813,59774,859,62042,826,58915,61216
5830,59802,875,62046,829,58927,61217
5847,59823,879,62078,845,58944,61233
5863,59828,883,62094,840,58945,61254
5880,59808,866,62114,830,58942,61284
5897,59820,859,62112,820,58961,61292
5913,59826,858,62134,825,58968,61309
5930,59851,878,62127,834,58973,61293
5947,59867,882,62135,848,58985,61287
5963,59865,880,62149,836,58985,61313
5980,59859,861,62100,832,58998,61268
5997,59846,861,62079,822,58985,61257
6013,59835,856,62070,824,58979,61246
6030,59813,879,62019,827,58934,61192
6047,59765,878,61953,844,58887,61109
6064,59666,879,61828,837,58787,60991
6079,59583,864,61704,819,58719,60885
6096,59550,856,61679,821,58694,60858
6113,59567,865,61682,823,58702,60859
6129,59611,871,61741,834,58740,60907
6146,59656,883,61806,845,58773,60961
6163,59687,872,61842,833,58815,61009
6179,59704,859,61855,817,58845,61038
6196,59719,851,61887,818,58868,61069
6213,59751,865,61916,822,58886,61094
6229,59780,870,61961,836,58910,61125
6246,59798,877,61977,844,58921,61133
6263,59808,874,61972,832,58934,61140
6279,59795,864,61966,817,58931,61149
6296,59787,848,61935,813,58939,61122
6313,59788,863,61971,822,58925,61149
6329,59809,874,61977,833,58935,61144
6346,59814,881,61930,839,58933,61091
6363,59822,872,61970,839,58950,61131
6379,59811,862,61966,813,58949,61153
6396,59816,854,61973,816,58962,61157
6413,59831,866,61991,819,58965,61172
6429,59864,873,62013,837,58991,61176
6446,59875,885,62035,841,58990,61194
6463,59888,874,62020,841,59014,61179
6479,59875,858,62020,818,59017,61202
6496,59882,853,62029,813,59029,61216
6513,59901,863,62061,820,59038,61241
6529,59928,879,62080,835,59049,61245
6546,59938,887,62052,843,59051,61209
6563,59942,873,62058,837,59069,61221
6579,59926,862,62057,817,59064,61240
6596,59930,858,62096,812,59072,61284
6613,59944,861,62095,818,59083,61277
6629,59964,869,62119,834,59095,61285
6646,59977,876,62126,836,59101,61290
6663,59983,874,62128,834,59109,61294
6679,59969,856,62090,812,59113,61278
6696,59969,853,62117,806,59116,61311
6713,59987,855,62088,816,59132,61272
6729,60003,874,62149,834,59129,61315
6746,60016,882,62157,838,59134,61319
6763,60025,874,62132,834,59151,61298
6779,60012,861,62147,820,59151,61327
6796,60012,854,62152,814,59158,61338
6813,60022,858,62163,818,59164,61345
6829,60027,870,62137,834,59157,61303
6846,59992,883,62093,841,59109,61252
6863,59931,872,61985,829,59059,61156
6879,59828,862,61849,814,58966,61035
6896,59726,847,61718,808,58879,60910
6913,59673,855,61652,818,58818,60834
6929,59678,870,61665,830,58808,60835
6946,59705,878,61685,833,58827,60852
6963,59737,875,61695,833,58862,60862
6979,59746,856,61750,814,58890,60936
6996,59772,844,61777,807,58928,60970
7013,59807,850,61823,818,58957,61005
7029,59850,872,61866,830,58978,61036
7046,59875,877,61893,837,58998,61056
7063,59885,869,61898,832,59016,61066
7080,59885,852,61898,816,59033,61082
7095,59888,850,61914,810,59038,61104
7112,59904,860,61932,819,59044,61113
7129,59921,878,61929,827,59043,61102
7145,59925,878,61944,836,59047,61108
7162,59912,862,61910,832,59050,61078
7179,59905,850,61907,810,59055,61097
7195,59906,846,61907,809,59060,61098
7212,59926,863,61906,818,59063,61088
7229,59945,872,61936,834,59073,61102
7245,59967,879,61970,837,59088,61133
7262,59965,862,61969,828,59103,61141
7279,59963,847,61980,809,59116,61171
7295,59969,850,61975,809,59119,61166
7312,59988,861,61988,818,59127,61170
7329,60017,876,62020,832,59141,61188
7345,60035,881,62035,831,59154,61204
7362,60019,863,62030,826,59156,61204
7379,60026,850,62028,810,59176,61218
7395,60025,851,62042,812,59174,61230
7412,60051,860,62057,814,59191,61243
7429,60069,873,62058,830,59196,61228
7445,60086,876,62076,834,59210,61242
7462,60076,860,62072,828,59216,61244
7479,60074,845,62062,813,59229,61249
7495,60074,848,62051,811,59226,61240
7512,60096,862,62074,816,59234,61258
7529,60110,867,62130,828,59243,61302
7545,60123,874,62110,831,59249,61279
7562,60115,862,62106,828,59253,61278
7579,60118,856,62092,809,59262,61283
7595,60117,850,62090,809,59267,61281
7612,60136,858,62105,816,59278,61289
7629,60153,868,62143,831,59285,61312
7645,60163,879,62174,832,59284,61342
7662,60133,864,62094,828,59269,61266
7679,60089,858,62047,811,59231,61236
7695,60040,846,61941,808,59194,61133
7712,59964,859,61848,817,59105,61031
7729,59871,870,61712,828,59001,60884
7745,59817,872,61675,831,58945,60844
7762,59789,862,61632,822,58927,60810
7779,59804,850,61631,810,58954,60821
7795,59828,844,61694,808,58984,60886
7812,59882,863,61710,811,59019,60899
7829,59924,874,61801,832,59050,60969
7845,59959,877,61828,831,59082,60997
7862,59967,861,61845,825,59106,61020
7879,59978,852,61854,809,59126,61045
7895,59996,852,61876,811,59144,61065
7912,60028,857,61906,814,59171,61092
7929,60047,869,61931,830,59178,61101
7945,60049,869,61910,833,59180,61077
7962,60039,858,61916,824,59181,61092
7979,60029,851,61889,809,59178,61080
7995,60025,850,61878,808,59175,61070
8012,60045,865,61902,822,59180,61080
8029,60059,874,61953,837,59185,61116
8045,60073,877,61914,836,59196,61078
8062,60067,863,61927,828,59204,61099
8079,60073,856,61924,813,59217,61111
8096,60085,853,61956,810,59232,61146
8111,60113,864,61977,831,59249,61146
8128,60144,875,61999,830,59269,61169
8145,60151,874,62001,832,59277,61169
8161,60139,861,61997,815,59278,61182
8178,60139,846,62006,809,59293,61197
8195,60150,854,62015,810,59296,61205
8211,60181,862,62049,829,59319,61220
8228,60196,871,62079,833,59325,61246
8245,60204,866,62038,829,59338,61209
8261,60198,857,62085,813,59341,61272
8278,60196,853,62072,812,59343,61260
8295,60204,859,62055,818,59345,61237
8311,60223,863,62096,826,59360,61270
8328,60247,874,62091,836,59373,61255
8345,60251,871,62117,830,59380,61287
8361,60244,865,62116,814,59379,61302
8378,60240,853,62119,814,59387,61305
8395,60250,853,62080,812,59397,61268
8411,60278,867,62114,835,59411,61279
8428,60295,875,62130,839,59420,61291
8445,60299,876,62126,835,59423,61291
8461,60286,862,62149,814,59424,61335
8478,60275,849,62130,807,59426,61323
8495,60269,848,62113,810,59421,61303
8511,60253,862,62075,830,59391,61245
8528,60221,878,62022,833,59343,61189
8545,60123,873,61866,831,59250,61035
8561,60029,866,61739,816,59163,60923
8578,59964,850,61673,809,59114,60864
8595,59952,851,61667,809,59101,60858
8611,59994,859,61698,828,59135,60870
8628,60039,872,61762,838,59167,60924
8645,60074,873,61794,833,59201,60961
8661,60093,863,61831,813,59230,61018
8678,60100,848,61840,806,59252,61034
8695,60127,852,61877,814,59275,61063
8711,60168,862,61914,831,59306,61083
8728,60195,879,61922,832,59316,61090
8745,60205,879,61964,833,59326,61131
8761,60193,860,61959,814,59333,61145
8778,60184,845,61919,808,59339,61111
8795,60187,852,61929,813,59335,61116
8811,60189,860,61915,825,59329,61090
8828,60201,880,61914,831,59321,61083
8845,60192,875,61904,830,59317,61074
8861,60180,856,61909,810,59324,61099
8878,60184,844,61913,805,59340,61108
8895,60193,850,61926,812,59343,61114
8911,60227,859,61980,828,59368,61152
8928,60250,874,61971,829,59376,61142
8945,60255,872,61977,829,59383,61148
8961,60251,859,61991,815,59392,61176
8978,60254,846,61969,803,59408,61166
8995,60273,844,62014,810,59429,61204
9011,60289,857,62012,823,59432,61189
9028,60304,874,62021,831,59430,61190
9045,60312,869,62020,827,59443,61193
9061,60312,856,62034,815,59456,61219
9078,60305,848,62051,809,59457,61242
9095,60315,848,62025,811,59467,61214
9112,60340,864,62056,816,59476,61240
9127,60357,876,62049,830,59481,61219
9144,60358,868,62091,829,59490,61262
9161,60355,857,62054,813,59498,61241
9177,60357,850,62053,811,59507,61242
9194,60365,852,62076,811,59513,61265
9211,60385,875,62126,829,59510,61297
9227,60396,875,62095,832,59521,61263
9244,60397,865,62130,826,59532,61304
9261,60395,855,62089,811,59540,61278
9277,60393,848,62109,805,59545,61304
9294,60406,854,62093,809,59552,61284
9311,60420,867,62130,830,59553,61300
9327,60424,874,62109,833,59550,61276
9344,60378,868,62050,829,59510,61221
9361,60330,858,61974,813,59472,61161
9377,60244,843,61878,805,59401,61073
9394,60185,851,61748,811,59334,60937
9411,60144,861,61726,824,59283,60902
9427,60146,875,61732,834,59271,60898
9444,60149,866,61762,828,59283,60934
9461,60169,856,61761,809,59313,60952
9477,60198,844,61801,801,59354,61000
9494,60240,855,61839,811,59385,61028
9511,60272,858,61883,826,59414,61057
9527,60305,877,61918,830,59428,61088
9544,60307,866,61938,826,59441,61112
9561,60306,857,61927,806,59449,61121
9577,60315,842,61945,800,59473,61145
9594,60322,849,61936,807,59473,61129
9611,60335,862,61944,827,59473,61117
9627,60334,870,61950,832,59464,61118
9644,60320,861,61933,827,59459,61106
9661,60314,858,61915,812,59456,61103
9677,60311,851,61889,803,59460,61086
9694,60326,853,61901,810,59473,61091
9711,60344,864,61956,827,59480,61129
9727,60363,871,61967,829,59492,61138
9744,60362,861,61974,823,59501,61151
9761,60370,857,61964,808,59513,61156
9777,60370,841,61941,803,59529,61138
9794,60389,854,61965,809,59535,61156
9811,60409,858,62028,828,59551,61200
9827,60426,870,61984,832,59556,61152
9844,60415,857,62010,823,59558,61187
9861,60412,849,62012,806,59563,61206
9877,60412,839,62007,803,59573,61204
9894,60429,851,62034,804,59578,61230
9911,60450,861,62042,819,59589,61223
9927,60463,870,62065,829,59593,61236
9944,60448,864,62025,826,59584,61199
9961,60448,849,62028,808,59599,61220
9977,60448,839,62036,798,59609,61238
9994,60465,847,62051,805,59618,61246
10011,60484,859,62048,822,59625,61226
10027,60493,866,62048,822,59627,61226
10044,60483,861,62055,818,59622,61237
10061,60474,848,62044,804,59626,61240
10077,60477,837,62060,791,59640,61269
10094,60484,842,62068,804,59642,61264
10111,60504,857,62058,820,59647,61238
10128,60482,866,62021,826,59616,61195
10143,60432,860,61961,813,59572,61148
10160,60352,842,61851,802,59510,61049
10177,60239,841,61705,798,59398,60907
10193,60173,849,61595,812,59324,60783
10210,60135,863,61567,816,59272,60751
10227,60138,863,61553,821,59275,60732
10243,60139,855,61587,810,59284,60777
10260,60154,839,61594,799,59315,60795
10277,60191,837,61632,797,59354,60835
10293,60237,846,61666,813,59391,60853
10310,60264,866,61718,820,59398,60898
10327,60295,864,61742,824,59431,60918
10343,60302,857,61757,810,59445,60947
10360,60299,843,61748,807,59456,60941
10377,60306,838,61773,794,59468,60979
10393,60325,844,61780,808,59481,60972
10410,60343,862,61791,823,59481,60968
10427,60339,863,61793,823,59476,60970
10443,60322,850,61774,807,59472,60967
10460,60305,837,61750,800,59468,60950
10477,60305,832,61747,799,59473,60948
10493,60331,848,61766,808,59483,60958
10510,60356,864,61768,818,59492,60950
10527,60364,865,61781,819,59499,60962
10543,60362,852,61815,806,59510,61009
10560,60362,839,61811,798,59523,61013
10577,60374,836,61776,792,59538,60984
10593,60402,848,61830,810,59554,61020
10610,60422,855,61865,812,59567,61053
10627,60437,862,61874,819,59575,61055
10643,60433,855,61876,806,59578,61070
10660,60422,840,61879,799,59582,61080
10677,60434,839,61872,791,59595,61081
10693,60457,845,61896,807,59612,61089
10710,60473,860,61913,816,59613,61097
10727,60482,862,61921,821,59620,61100
10743,60484,856,61913,807,59628,61106
10760,60474,837,61908,798,59637,61110
10777,60478,834,61920,795,59644,61125
10793,60496,838,61925,806,59658,61119
10810,60521,862,61946,819,59659,61127
10827,60533,864,61970,814,59669,61156
10843,60526,850,61959,804,59676,61155
10860,60517,838,61927,802,59679,61125
10877,60519,836,61945,797,59683,61148
10893,60536,842,61942,800,59694,61142
10910,60541,860,61952,812,59681,61140
10927,60508,864,61884,818,59644,61066
10943,60431,850,61802,815,59581,60987
10960,60309,835,61634,800,59474,60834
10977,60204,835,61505,796,59369,60709
10993,60138,838,61408,797,59300,60611
11010,60129,860,61410,812,59269,60598
11027,60148,863,61425,818,59285,60607
11043,60161,845,61436,811,59316,60625
11060,60186,835,61468,793,59351,60675
11077,60209,834,61504,794,59375,60710
11093,60253,840,61560,801,59413,60759
11110,60284,858,61587,811,59426,60776
11127,60311,863,61614,815,59448,60799
11144,60324,849,61631,813,59475,60818
11159,60321,834,61644,794,59487,60850
11176,60334,834,61647,786,59500,60861
11193,60346,843,61663,802,59503,60861
11209,60364,857,61684,818,59507,60866
11226,60355,850,61671,812,59505,60859
11243,60351,853,61647,808,59498,60839
11259,60337,838,61645,794,59499,60851
11276,60342,837,61636,794,59505,60842
11293,60366,842,61665,812,59524,60853
11309,60388,857,61680,817,59531,60863
11326,60403,856,61713,821,59547,60892
11343,60410,849,61694,804,59561,60890
11359,60405,831,61707,787,59574,60920
11376,60425,833,61726,792,59592,60934
11393,60452,841,61749,807,59611,60942
11409,60475,858,61763,818,59617,60945
11426,60481,857,61798,817,59624,60981
11443,60488,851,61787,803,59637,60984
11459,60484,836,61801,792,59648,61009
11476,60501,841,61800,793,59660,61007
11493,60510,843,61814,809,59667,61005
11509,60545,861,61828,821,59684,61007
11526,60545,863,61863,822,59682,61041
11543,60538,850,61828,805,59688,61023
11559,60535,831,61850,791,59704,61059
11576,60547,841,61859,793,59706,61066
11593,60565,842,61875,808,59723,61067
11609,60590,859,61872,819,59731,61053
11626,60590,855,61892,821,59735,61071
11643,60588,844,61850,802,59744,61048
11659,60583,834,61889,795,59749,61094
11676,60598,838,61883,792,59760,61091
11693,60617,849,61895,807,59768,61088
11709,60629,858,61913,819,59771,61094
11726,60615,856,61891,821,59759,61070
11743,60562,851,61808,803,59711,61005
11759,60470,833,61682,789,59637,60893
11776,60366,832,61542,794,59534,60748
11793,60258,840,61436,804,59418,60632
11809,60220,854,61374,807,59366,60567
11826,60197,851,61335,818,59346,60517
11843,60215,848,61338,800,59367,60538
11859,60236,830,61385,795,59406,60590
11876,60280,840,61430,794,59440,60636
11893,60322,844,61501,810,59478,60691
11909,60361,853,61533,815,59508,60718
11926,60388,855,61563,820,59533,60743
11943,60401,843,61564,806,59558,60758
11959,60394,829,61586,790,59565,60796
11976,60412,838,61616,796,59574,60820
11993,60433,844,61624,808,59589,60816
12009,60442,853,61631,813,59589,60818
12026,60443,853,61614,814,59590,60800
12043,60418,847,61579,801,59571,60778
12059,60402,829,61548,796,59573,60752
12076,60407,837,61565,791,59570,60774
12093,60424,839,61585,805,59585,60780
12109,60455,857,61614,814,59598,60800
12126,60468,852,61630,815,59616,60815
12143,60469,842,61621,802,59627,60819
12160,60464,827,61643,790,59637,60853
12175,60490,830,61650,805,59660,60845
12192,60518,852,61685,806,59666,60879
12209,60538,857,61708,816,59681,60892
12225,60547,858,61737,815,59689,60922
12242,60539,836,61706,802,59703,60904
12259,60543,826,61707,786,59717,60921
12275,60565,836,61729,803,59729,60926
12292,60580,849,61756,805,59731,60951
12309,60599,852,61765,815,59747,60950
12325,60600,848,61774,813,59752,60961
12342,60591,837,61756,798,59754,60958
12359,60596,833,61753,787,59763,60966
12375,60605,834,61771,800,59771,60971
12392,60633,849,61786,806,59784,60980
12409,60649,856,61812,819,59793,60993
12425,60654,849,61813,817,59805,60996
12442,60643,831,61799,801,59812,60998
12459,60647,830,61817,789,59817,61028
12475,60660,834,61814,799,59826,61015
12492,60683,848,61867,800,59835,61067
12509,60699,856,61824,813,59843,61011
12525,60700,852,61869,817,59848,61052
12542,60683,833,61827,794,59850,61033
12559,60644,831,61753,792,59813,60961
12575,60607,842,61684,808,59765,60876
12592,60539,847,61603,800,59692,60803
12609,60433,856,61483,813,59577,60670
12625,60349,853,61375,812,59496,60563
12642,60306,828,61314,792,59478,60522
12659,60317,826,61325,785,59491,60540
12675,60354,828,61372,802,59526,60570
12692,60403,849,61430,802,59554,60628
12709,60451,849,61493,815,59602,60678
12725,60469,850,61517,813,59619,60704
12742,60482,828,61532,798,59654,60734
12759,60503,824,61557,784,59679,60773
12775,60530,836,61591,792,59694,60799
12792,60551,848,61603,805,59703,60798
12809,60570,854,61623,814,59716,60809
12825,60567,856,61620,814,59711,60806
12842,60545,829,61580,796,59716,60784
12859,60517,824,61552,784,59693,60768
12875,60517,834,61552,789,59683,60763
12892,60526,849,61554,802,59677,60752
12909,60533,850,61572,809,59683,60763
12925,60547,850,61587,812,59697,60775
12942,60551,831,61578,795,59720,60783
12959,60546,824,61579,781,59722,60798
12975,60574,830,61614,788,59744,60826
12992,60599,841,61641,803,59758,60838
13009,60619,853,61663,813,59766,60850
13025,60628,844,61663,810,59784,60853
13042,60632,830,61657,795,59802,60862
13059,60624,821,61663,778,59803,60885
13075,60646,830,61679,787,59816,60892
13092,60661,851,61719,802,59810,60917
13109,60680,849,61717,814,59831,60903
13125,60686,845,61712,810,59841,60902
13142,60681,826,61714,790,59855,60924
13159,60678,825,61708,787,59853,60921
13175,60691,831,61707,785,59860,60922
13191,60705,848,61742,807,59857,60935
13208,60724,853,61767,813,59871,60954
13225,60727,846,61727,805,59881,60922
13241,60711,834,61735,782,59877,60953
13258,60715,826,61739,781,59889,60958
13275,60737,826,61766,795,59911,60971
13291,60748,842,61774,803,59906,60971
13308,60762,850,61775,807,59912,60968
13325,60770,842,61777,807,59928,60970
13341,60748,831,61743,783,59917,60960
13358,60736,825,61724,781,59911,60943
13375,60711,827,61707,795,59884,60912
13391,60658,840,61599,808,59818,60791
13408,60559,852,61467,813,59707,60654
13425,60414,843,61294,800,59571,60494
13441,60304,823,61165,781,59481,60384
13458,60263,824,61110,777,59439,60333
13475,60287,824,61131,792,59463,60339
13491,60319,841,61184,806,59478,60378
13508,60357,847,61232,807,59510,60425
13525,60402,845,61260,802,59557,60458
13541,60403,823,61288,780,59580,60508
13558,60421,821,61305,778,59600,60527
13575,60462,827,61349,793,59635,60556
13591,60489,844,61384,800,59645,60584
13608,60511,845,61407,806,59666,60601
13625,60531,844,61406,800,59687,60606
13641,60505,826,61407,786,59679,60621
13658,60504,819,61389,780,59685,60609
13675,60508,829,61374,794,59679,60580
13691,60524,843,61393,797,59681,60596
13708,60522,843,61405,806,59679,60599
13725,60529,842,61392,797,59687,60595
13741,60513,824,61404,783,59689,60621
13758,60522,820,61401,778,59702,60623
13775,60550,826,61430,788,59724,60642
13791,60578,842,61462,797,59736,60665
13808,60607,842,61486,806,59765,60680
13825,60620,842,61471,797,59778,60674
13841,60601,822,61493,785,59779,60708
13858,60615,817,61498,780,59798,60718
13875,60643,828,61524,791,59815,60733
13891,60661,835,61548,798,59826,60750
13908,60684,846,61571,804,59838,60767
13925,60692,845,61564,796,59847,60768
13941,60673,825,61549,781,59848,60768
13958,60675,817,61566,774,59858,60792
13975,60699,831,61578,786,59868,60792
13991,60715,837,61604,799,59878,60805
14008,60730,847,61614,809,59883,60805
14025,60735,844,61600,793,59891,60807
14041,60714,821,61593,789,59893,60804
14058,60726,819,61584,781,59907,60803
14075,60740,825,61602,787,59915,60815
14091,60763,841,61608,797,59922,60811
14108,60778,850,61637,804,59928,60833
14125,60774,839,61628,789,59935,60839
14141,60754,823,61639,777,59931,60862
14158,60758,816,61623,778,59942,60845
14175,60784,829,61650,785,59955,60865
14192,60800,841,61668,799,59959,60869
14207,60791,842,61637,801,59949,60836
14224,60730,823,61562,790,59907,60772
14241,60628,824,61430,775,59804,60655
14257,60501,813,61246,778,59688,60468
14274,60397,828,61093,783,59569,60310
14291,60328,838,61044,800,59490,60244
14307,60319,841,61020,804,59478,60216
14324,60317,830,61031,793,59487,60238
14341,60341,817,61048,777,59524,60271
14357,60368,810,61092,777,59558,60315
14374,60427,831,61153,787,59596,60366
14391,60461,845,61191,800,59616,60391
14407,60488,844,61226,797,59644,60429
14424,60501,830,61243,788,59671,60455
14441,60510,814,61251,766,59696,60485
14457,60519,810,61271,778,59709,60493
14474,60554,826,61306,785,59728,60521
14491,60569,833,61321,798,59736,60523
14507,60581,842,61330,804,59739,60526
14524,60556,826,61305,787,59730,60518
14541,60548,813,61287,773,59735,60514
14557,60556,810,61280,774,59746,60506
14574,60577,828,61306,777,59749,60529
14591,60592,835,61335,800,59757,60535
14607,60605,841,61348,797,59764,60551
14624,60620,823,61361,785,59797,60576
14641,60616,816,61352,766,59800,60586
14657,60633,809,61374,773,59824,60601
14674,60654,823,61397,778,59831,60619
14691,60679,835,61430,792,59844,60638
14707,60688,834,61436,796,59854,60640
14724,60692,821,61433,784,59871,60649
14741,60681,814,61431,765,59867,60666
14757,60696,806,61433,767,59890,60666
14774,60720,824,61458,780,59896,60678
14791,60740,831,61482,797,59909,60685
14807,60750,833,61494,790,59917,60704
14824,60756,820,61483,780,59936,60703
14841,60745,814,61475,769,59931,60706
14857,60752,806,61482,761,59946,60721
14874,60772,825,61514,779,59947,60735
14891,60793,828,61530,791,59965,60739
14907,60805,834,61540,791,59971,60749
14924,60805,819,61545,784,59986,60761
14941,60796,817,61531,764,59979,60767
14957,60811,807,61549,763,60004,60786
14974,60832,820,61560,778,60012,60782
14991,60849,832,61585,791,60017,60794
15007,60856,831,61591,792,60025,60799
15024,60867,816,61577,782,60051,60795
15041,60848,811,61579,766,60037,60813
15057,60847,806,61565,761,60041,60804
15074,60827,822,61530,773,60005,60757
15091,60781,825,61477,790,59956,60687
15107,60674,831,61313,796,59843,60517
15124,60531,816,61137,780,59715,60357
15141,60437,808,61009,762,59629,60247
15157,60409,801,60985,759,59608,60226
15174,60435,819,61014,772,59616,60242
15191,60471,823,61059,783,59648,60276
15208,60513,831,61111,789,59682,60322
15223,60541,815,61158,762,59726,60396
15240,60561,805,61184,763,59756,60421
15257,60596,800,61216,765,59796,60451
15273,60643,821,61247,785,59822,60462
15290,60669,828,61289,790,59841,60499
15307,60687,830,61318,789,59857,60529
15323,60677,811,61308,763,59866,60545
15340,60672,806,61288,758,59866,60530
15357,60676,806,61304,768,59870,60536
15373,60690,819,61296,785,59871,60511
15390,60681,831,61292,782,59850,60510
15407,60675,834,61284,784,59841,60500
15423,60666,814,61274,773,59852,60501
15440,60662,803,61287,763,59859,60524
15457,60689,806,61300,767,59883,60533
15473,60722,827,61326,776,59895,60550
15490,60745,830,61356,788,59915,60568
15507,60759,829,61372,781,59930,60591
15523,60752,815,61377,782,59937,60595
15540,60759,803,61372,763,59956,60609
15557,60782,804,61400,772,59978,60628
15573,60807,818,61417,770,59989,60647
15590,60823,831,61435,789,59992,60646
15607,60836,827,61438,785,60009,60653
15623,60818,814,61454,776,60004,60678
15640,60823,804,61443,763,60019,60680
15657,60838,804,61462,768,60034,60694
15673,60863,826,61459,776,60037,60683
15690,60876,833,61504,790,60043,60714
15707,60885,828,61491,786,60057,60705
15723,60873,812,61494,779,60061,60715
15740,60870,798,61482,761,60072,60721
15757,60881,800,61491,764,60081,60727
15773,60905,822,61506,774,60083,60732
15790,60916,830,61532,786,60086,60746
15807,60926,827,61522,782,60099,60740
15823,60916,810,61520,772,60106,60748
15840,60920,805,61531,763,60115,60768
15857,60931,803,61536,764,60128,60772
15873,60958,820,61563,774,60138,60789
15890,60965,831,61568,787,60134,60781
15907,60954,827,61547,783,60127,60764
15923,60904,808,61471,775,60096,60696
15940,60839,801,61383,763,60038,60620
15957,60738,799,61279,764,59939,60515
15973,60656,822,61128,772,59834,60356
15990,60593,827,61073,782,59766,60291
16007,60561,823,61022,779,59738,60243
16023,60561,806,61029,772,59755,60257
16040,60596,798,61061,758,59798,60303
16057,60632,804,61105,764,59828,60341
16073,60687,821,61168,774,59866,60394
16090,60726,827,61224,789,59899,60435
16107,60748,826,61252,780,59922,60472
16123,60755,811,61265,772,59944,60493
16140,60761,797,61269,752,59964,60517
16157,60785,807,61279,769,59978,60510
16173,60807,821,61302,773,59986,60529
16190,60805,826,61319,784,59979,60535
16207,60799,827,61307,785,59972,60522
16224,60761,811,61253,770,59950,60483
16239,60753,795,61233,757,59958,60476
16256,60772,811,61246,762,59961,60484
16273,60783,821,61262,781,59962,60481
16289,60798,829,61263,785,59969,60478
16306,60800,821,61282,780,59979,60502
16323,60799,804,61286,759,59995,60527
16339,60808,800,61285,759,60008,60526
16356,60838,810,61316,764,60028,60552
16373,60857,821,61336,778,60036,60558
16389,60877,824,61360,786,60053,60574
16406,60882,812,61367,782,60070,60585
16423,60878,808,61358,762,60070,60596
16439,60876,799,61355,756,60077,60599
16456,60890,810,61376,760,60080,60616
16473,60914,818,61417,780,60096,60637
16489,60931,823,61410,783,60108,60627
16506,60931,820,61412,779,60111,60633
16523,60917,807,61396,760,60110,60636
16539,60918,798,61386,758,60120,60628
16556,60926,810,61400,767,60116,60633
16573,60954,819,61426,777,60135,60649
16589,60958,817,61427,781,60141,60646
16606,60964,817,61428,782,60147,60646
16623,60950,805,61412,763,60145,60649
16639,60950,797,61406,755,60153,60651
16656,60970,806,61438,759,60164,60679
16673,60997,817,61460,777,60180,60683
16689,61002,825,61473,785,60177,60688
16706,61008,816,61470,777,60192,60693
16723,60982,800,61419,756,60182,60663
16739,60954,796,61383,752,60158,60631
16756,60889,808,61311,760,60081,60551
16773,60785,816,61149,777,59969,60372
16789,60653,823,60984,781,59830,60203
16806,60540,811,60848,772,59729,60076
16823,60474,800,60760,754,59674,60006
16839,60469,796,60760,756,59673,60004
16856,60504,803,60796,757,59701,60039
16873,60556,814,60860,771,59742,60089
16889,60596,820,60916,778,59776,60138
16906,60628,811,60940,771,59817,60169
16923,60626,795,60958,756,59831,60202
16939,60643,795,60971,748,59848,60223
16956,60672,801,61003,753,59871,60250
16973,60709,815,61046,778,59894,60268
16989,60723,823,61067,785,59900,60282
17006,60732,810,61059,772,59922,60287
17023,60714,794,61055,754,59920,60301
17039,60715,794,61043,750,59921,60293
17056,60716,805,61047,758,59911,60289
17073,60733,809,61052,773,59924,60279
17089,60736,819,61054,777,59917,60277
17106,60749,812,61059,772,59937,60287
17123,60742,798,61064,754,59944,60310
17139,60749,789,61063,745,59960,60318
17156,60768,804,61094,756,59964,60338
17173,60810,811,61126,767,59999,60359
17189,60832,819,61165,777,60013,60388
17206,60842,806,61163,769,60036,60394
17223,60842,794,61172,752,60048,60420
17240,60849,789,61174,746,60060,60428
17255,60872,803,61192,758,60069,60434
17272,60894,822,61231,767,60072,60464
17289,60904,817,61240,778,60087,60462
17305,60902,805,61249,770,60097,60479
17322,60900,790,61225,750,60110,60475
17339,60903,788,61220,744,60115,60476
17355,60917,802,61244,754,60115,60490
17372,60941,815,61272,765,60126,60507
17389,60951,814,61288,774,60137,60514
17405,60950,807,61272,767,60143,60505
17422,60949,788,61265,751,60161,60514
17439,60945,789,61270,749,60156,60521
17455,60957,797,61278,752,60160,60526
17472,60980,815,61312,770,60165,60542
17489,60992,812,61316,773,60180,60543
17505,60999,804,61310,765,60195,60545
17522,60988,785,61310,746,60203,60564
17539,60994,787,61308,745,60207,60563
17555,61002,801,61306,753,60201,60553
17572,60989,815,61291,767,60174,60524
17589,60932,812,61212,772,60120,60440
17605,60816,799,61047,764,60017,60283
17622,60654,783,60836,743,59871,60093
17639,60545,785,60725,746,59760,59979
17655,60503,793,60653,743,59710,59910
17672,60514,809,60668,761,59705,59907
17689,60540,807,60709,764,59733,59945
17705,60557,795,60736,760,59762,59976
17722,60598,783,60746,743,59815,60003
17739,60617,779,60798,736,59838,60062
17755,60657,792,60842,742,59865,60100
17772,60695,808,60873,767,59887,60106
17789,60717,805,60899,759,59912,60140
17805,60727,796,60926,763,59931,60163
17822,60737,783,60933,743,59954,60190
17839,60749,783,60951,737,59966,60214
17855,60765,794,60950,746,59971,60204
17872,60774,800,60983,760,59974,60223
17889,60768,797,60956,757,59971,60199
17905,60744,782,60924,745,59962,60179
17922,60734,765,60912,725,59969,60187
17939,60736,763,60898,730,59973,60168
17955,60757,776,60931,733,59981,60198
17972,60785,795,60988,744,59990,60244
17989,60810,795,60999,758,60015,60241
18005,60810,787,60999,745,60023,60254
18022,60826,773,61007,734,60053,60273
18039,60837,771,61027,730,60066,60297
18055,60860,782,61050,736,60078,60314
18072,60886,799,61083,753,60087,60330
18089,60894,798,61090,754,60096,60336
18105,60895,787,61084,747,60108,60337
18122,60895,774,61093,734,60121,60359
18139,60903,775,61091,734,60128,60357
18155,60925,780,61120,740,60145,60380
18172,60947,794,61141,754,60153,60387
18189,60952,800,61154,756,60152,60398
18205,60946,785,61142,752,60161,60390
18222,60947,778,61140,735,60169,60405
18239,60947,768,61141,728,60179,60413
18256,60973,794,61173,746,60179,60427
18271,60993,795,61186,752,60198,60434
18288,61002,793,61184,751,60209,60433
18305,60992,783,61171,733,60209,60438
18321,60985,771,61168,728,60214,60440
18338,60991,774,61187,730,60217,60457
18355,61013,786,61204,743,60227,60461
18371,61043,795,61225,757,60248,60468
18388,61050,789,61238,750,60261,60488
18405,61044,785,61224,736,60259,60488
18421,61028,767,61220,729,60261,60491
18438,61047,773,61222,726,60274,60496
18455,61052,783,61233,747,60269,60486
18471,61042,800,61201,757,60242,60444
18488,60978,793,61109,753,60185,60356
18505,60855,786,60964,734,60069,60230
18521,60728,774,60755,731,59954,60024
18538,60632,768,60690,733,59864,59957
18555,60622,782,60661,741,59840,59920
18571,60640,796,60676,749,59844,59927
18588,60676,789,60714,752,59887,59962
18605,60700,780,60740,731,59920,60009
18621,60728,766,60789,731,59962,60058
18638,60771,772,60828,731,59999,60097
18655,60817,785,60882,749,60032,60133
18671,60856,799,60933,749,60057,60184
18688,60878,791,60951,753,60087,60198
18705,60874,788,60950,735,60086,60215
18721,60866,767,60954,727,60099,60227
18738,60868,773,60956,732,60095,60224
18755,60883,785,60963,748,60098,60215
18771,60887,792,60954,753,60095,60201
18788,60872,787,60919,749,60085,60170
18805,60852,783,60915,734,60069,60181
18821,60850,770,60902,729,60080,60173
18838,60855,774,60908,729,60081,60179
18855,60886,780,60934,747,60106,60187
18871,60906,794,60967,752,60112,60215
18888,60929,785,60995,756,60144,60239
18905,60931,784,61002,734,60147,60268
18921,60932,768,60995,727,60164,60268
18938,60948,775,61019,731,60173,60288
18955,60981,785,61031,749,60196,60282
18971,61001,800,61073,755,60201,60318
18988,61008,793,61088,754,60215,60334
19005,61001,783,61090,728,60218,60362
19021,60997,769,61067,723,60228,60344
19038,61004,776,61052,731,60228,60321
19055,61034,786,61094,747,60248,60347
19071,61048,797,61117,753,60251,60364
19088,61057,794,61122,747,60263,60375
19105,61045,781,61120,735,60264,60385
19121,61043,767,61100,730,60276,60370
19138,61049,772,61116,732,60277,60384
19155,61071,784,61127,751,60287,60376
19171,61085,795,61151,750,60290,60401
19188,61093,794,61150,751,60299,60399
19205,61081,781,61141,730,60300,60411
19221,61075,770,61137,727,60305,60410
19238,61087,772,61140,733,60315,60407
19255,61112,783,61155,751,60329,60404
19272,61129,793,61163,750,60336,60413
19287,61127,787,61158,751,60340,60407
19304,61112,769,61164,731,60343,60433
19321,61089,767,61130,726,60322,60404
19337,61062,779,61073,724,60283,60349
19354,60980,795,60954,751,60185,60203
19371,60864,790,60815,750,60074,60065
19387,60746,787,60658,749,59959,59909
19404,60659,771,60565,731,59888,59834
19421,60635,766,60521,726,59869,59795
19437,60667,772,60567,730,59895,59837
19454,60722,790,60621,752,59932,59869
19471,60760,793,60660,750,59967,59910
19487,60783,782,60726,746,60001,59980
19504,60807,771,60721,728,60036,59993
19521,60818,759,60754,720,60059,60034
19537,60858,772,60792,728,60086,60064
19554,60889,787,60822,751,60102,60071
19571,60908,791,60847,753,60117,60094
19587,60906,787,60835,748,60119,60087
19604,60900,772,60823,729,60128,60094
19621,60884,760,60808,721,60124,60087
19637,60884,773,60797,734,60111,60063
19654,60898,787,60807,740,60111,60067
19671,60905,793,60806,748,60112,60058
19687,60901,784,60832,747,60117,60085
19704,60900,766,60802,723,60134,60079
19721,60901,763,60822,720,60138,60102
19737,60928,774,60840,726,60154,60114
19754,60961,783,60864,742,60178,60122
19771,60984,796,60898,750,60188,60148
19787,60983,788,60907,740,60195,60167
19804,60984,770,60895,728,60214,60167
19821,60990,763,60902,721,60227,60181
19837,61010,769,60930,731,60241,60199
19854,61032,790,60960,743,60242,60217
19871,61049,792,60967,751,60257,60216
19887,61045,786,60972,743,60259,60229
19904,61037,763,60953,730,60274,60223
19921,61042,761,60964,720,60281,60244
19937,61059,770,60962,730,60289,60232
19954,61079,785,60996,751,60294,60245
19971,61093,793,61000,748,60300,60252
19987,61089,782,60990,745,60307,60245
20004,61084,774,60999,724,60310,60275
20021,61081,763,60994,722,60318,60272
20037,61100,776,61017,731,60324,60286
20054,61123,784,61031,750,60339,60281
20071,61135,793,61031,755,60342,60276
20087,61134,787,61053,747,60347,60306
20104,61125,776,61019,726,60349,60293
20121,61128,764,61042,725,60364,60317
20137,61145,775,61039,732,60370,60307
20154,61158,784,61060,744,60374,60316
20171,61158,790,61057,755,60368,60302
20187,61116,782,60988,746,60334,60242
20204,61018,777,60853,726,60241,60127
20221,60880,764,60673,723,60116,59950
20237,60761,771,60512,724,59990,59788
20254,60669,778,60452,741,59891,59711
20271,60638,789,60381,743,59849,59638
20288,60629,779,60376,744,59850,59632
20303,60637,763,60382,726,59874,59656
20320,60668,766,60428,719,59902,59709
20337,60720,773,60474,736,59947,59738
20353,60765,790,60519,739,59975,59780
20370,60790,790,60546,753,60000,59793
20387,60795,783,60553,734,60012,59819
20403,60800,764,60573,728,60036,59845
20420,60817,765,60580,719,60052,59861
20437,60841,770,60621,729,60071,59892
20453,60881,785,60667,746,60096,59921
20470,60886,794,60669,748,60092,59921
20487,60874,779,60652,738,60095,59914
20503,60860,766,60621,725,60094,59896
20520,60862,765,60611,721,60097,59890
20537,60876,774,60621,733,60102,59888
20553,60893,791,60661,745,60102,59916
20570,60909,788,60657,747,60121,59910
20587,60912,782,60659,734,60130,59925
20603,60913,762,60692,721,60151,59971
20620,60934,767,60700,722,60167,59978
20637,60960,769,60718,730,60191,59988
20653,61000,790,60764,743,60210,60021
20670,61011,786,60784,745,60225,60039
20687,61011,780,60784,738,60231,60046
20703,61008,766,60783,728,60242,60055
20720,61021,768,60777,720,60253,60057
20737,61036,768,60809,733,60268,60076
20753,61068,782,60836,741,60286,60095
20770,61073,785,60835,746,60288,60089
20787,61071,779,60840,730,60292,60110
20803,61065,765,60820,727,60300,60093
20820,61065,760,60834,719,60305,60115
20837,61091,770,60843,735,60321,60108
20853,61123,782,60878,741,60341,60137
20870,61124,790,60881,752,60334,60129
20887,61114,781,60892,729,60333,60163
20903,61111,761,60879,728,60350,60151
20920,61113,759,60877,721,60354,60156
20937,61136,773,60901,737,60363,60164
20953,61169,788,60923,741,60381,60182
20970,61172,789,60934,748,60383,60186
20987,61166,783,60947,728,60383,60219
21003,61166,764,60922,725,60402,60197
21020,61165,759,60929,725,60406,60204
21037,61187,778,60952,736,60409,60216
21053,61202,790,60953,746,60412,60207
21070,61156,788,60899,748,60368,60151
21087,61073,778,60806,734,60295,60072
21103,60944,767,60593,727,60177,59866
21120,60797,758,60445,721,60039,59724
21137,60715,768,60312,729,59947,59583
21153,60702,784,60286,737,59918,59549
21170,60705,789,60298,744,59916,59554
21187,60719,778,60333,730,59941,59603
21203,60748,760,60382,720,59988,59662
21220,60785,758,60417,716,60027,59701
21237,60829,771,60466,732,60058,59734
21253,60887,787,60511,748,60100,59763
21270,60902,794,60549,749,60108,59800
21287,60910,781,60579,737,60129,59842
21304,60920,765,60566,723,60155,59843
21319,60938,764,60587,718,60174,59869
21336,60950,785,60627,735,60165,59892
21353,60972,786,60604,745,60186,59859
21369,60958,790,60609,745,60168,59864
21386,60953,763,60571,732,60190,59839
21403,60932,758,60564,717,60174,59847
21419,60936,761,60561,720,60175,59841
21436,60955,781,60583,737,60174,59846
21453,60985,789,60617,747,60196,59870
21469,60997,786,60626,743,60211,59883
21486,61004,763,60632,736,60241,59896
21503,61011,763,60629,720,60248,59909
21519,61025,767,60660,721,60258,59939
21536,61051,781,60689,737,60270,59952
21553,61084,790,60726,750,60294,59976
21569,61090,788,60723,743,60302,59980
21586,61089,764,60747,730,60325,60017
21603,61091,767,60742,721,60324,60021
21619,61102,770,60735,720,60332,60015
21636,61113,785,60775,734,60328,60041
21653,61153,791,60796,749,60362,60047
21669,61137,786,60812,749,60351,60063
21686,61146,767,60778,739,60379,60039
21703,61134,763,60768,719,60371,60049
21719,61142,767,60778,725,60375,60053
21736,61156,779,60814,737,60377,60077
21753,61190,791,60835,750,60399,60085
21769,61189,788,60836,744,60401,60092
21786,61186,784,60820,733,60402,60087
21803,61181,769,60809,716,60412,60093
21819,61197,765,60835,720,60432,60115
21836,61210,770,60858,732,60440,60126
21853,61237,792,60879,752,60445,60127
21869,61235,789,60880,752,60446,60128
21886,61237,780,60885,735,60457,60150
21903,61233,767,60870,715,60466,60155
21919,61239,766,60876,717,60473,60159
21936,61256,771,60891,736,60485,60155
21953,61286,790,60926,745,60496,60181
21969,61275,787,60925,749,60488,60176
21986,61259,780,60878,733,60479,60145
22003,61217,765,60815,716,60452,60099
22019,61152,769,60729,720,60383,60009
22036,61056,772,60630,733,60284,59897
22053,60975,788,60492,744,60187,59748
22069,60899,775,60407,739,60124,59668
22086,60878,778,60370,730,60100,59640
22103,60888,762,60390,714,60126,59676
22119,60924,763,60436,717,60161,59719
22136,60982,773,60497,735,60209,59762
22153,61034,793,60560,746,60241,59814
22169,61050,786,60601,749,60264,59852
22186,61070,775,60610,733,60295,59877
22203,61086,758,60625,715,60328,59910
22219,61099,765,60653,719,60334,59934
22236,61134,770,60679,728,60364,59951
22253,61148,786,60701,744,60362,59957
22270,61139,782,60702,743,60357,59959
22286,61125,773,60651,730,60352,59921
22303,61096,759,60633,710,60337,59923
22320,61085,760,60617,715,60325,59902
22335,61100,779,60612,730,60321,59882
22352,61124,786,60634,745,60338,59889
22369,61118,780,60645,742,60338,59903
22385,61116,762,60660,726,60354,59934
22402,61132,760,60653,714,60372,59939
22419,61149,764,60688,722,60385,59966
22435,61179,778,60701,729,60401,59972
22452,61201,788,60732,744,60413,59988
22469,61202,783,60729,736,60419,59993
22485,61199,766,60722,730,60433,59992
22502,61210,760,60728,714,60450,60014
22519,61219,764,60755,725,60455,60030
22535,61248,777,60779,734,60471,60045
22552,61260,786,60788,747,60474,60041
22569,61255,782,60792,737,60473,60055
22585,61246,763,60771,725,60483,60046
22602,61254,762,60774,714,60492,60060
22619,61254,758,60786,717,60496,60069
22635,61283,776,60806,733,60507,60073
22652,61300,787,60827,745,60513,60082
22669,61295,787,60822,737,60508,60085
22685,61276,760,60800,721,60516,60079
22702,61284,764,60813,716,60520,60097
22719,61299,764,60800,724,60535,60076
22735,61319,785,60836,737,60534,60099
22752,61339,792,60840,743,60547,60097
22769,61327,779,60837,733,60548,60104
22785,61317,761,60830,725,60556,60105
22802,61324,767,60827,716,60557,60111
22819,61333,760,60832,723,60573,60109
22835,61353,775,60854,733,60578,60121
22852,61364,791,60865,743,60573,60122
22869,61347,780,60827,733,60567,60094
22885,61298,760,60772,723,60538,60049
22902,61238,761,60670,711,60477,59959
22919,61132,765,60562,724,60367,59838
22935,61031,773,60404,736,60258,59668
22952,60935,788,60301,740,60147,59561
22969,60898,780,60257,734,60118,59523
22985,60875,757,60244,723,60118,59521
23002,60900,765,60260,714,60135,59546
23019,60938,762,60303,721,60176,59582
23035,60994,781,60362,734,60213,59628
23052,61038,790,60412,743,60248,59669
23069,61051,778,60434,731,60273,59703
23085,61060,758,60440,721,60302,59719
23102,61074,763,60470,708,60311,59762
23119,61095,761,60486,723,60334,59763
23135,61118,775,60516,729,60343,59787
23152,61139,789,60513,742,60350,59771
23169,61118,776,60502,733,60342,59769
23185,61099,759,60476,723,60340,59753
23202,61089,760,60452,713,60329,59739
23219,61095,762,60448,725,60333,59723
23235,61111,776,60493,729,60335,59764
23252,61130,789,60495,733,60341,59762
23269,61135,780,60509,731,60355,59778
23286,61124,756,60517,722,60368,59795
23302,61135,758,60500,709,60377,59791
23319,61155,762,60522,713,60393,59809
23336,61192,780,60561,733,60412,59828
23351,61209,790,60590,743,60419,59847
23368,61216,771,60594,730,60445,59864
23385,61205,762,60566,713,60443,59853
23401,61205,754,60608,708,60451,59900
23418,61229,773,60615,723,60456,59892
23435,61248,775,60640,737,60473,59903
23451,61267,784,60662,742,60483,59920
23468,61270,769,60647,732,60501,59915
23485,61261,760,60641,719,60501,59922
23501,61262,754,60648,709,60508,59939
23518,61271,772,60646,722,60499,59924
23535,61298,776,60675,737,60522,59938
23551,61310,781,60704,743,60529,59961
23568,61304,779,60669,735,60525,59934
23585,61300,763,60671,716,60537,59955
23601,61299,753,60670,714,60546,59956
23618,61320,762,60692,724,60558,59968
23635,61341,781,60701,744,60560,59957
23651,61357,786,60708,740,60571,59968
23668,61357,774,60735,728,60583,60007
23685,61349,760,60708,714,60589,59994
23701,61350,757,60712,711,60593,60001
23718,61359,765,60745,725,60594,60020
23735,61387,780,60733,737,60607,59996
23751,61386,780,60752,743,60606,60009
23768,61350,780,60692,726,60570,59966
23785,61274,764,60575,716,60510,59859
23801,61165,755,60455,711,60410,59744
23818,61032,758,60274,720,60274,59554
23835,60947,777,60160,739,60170,59421
23851,60906,784,60107,739,60122,59368
23868,60889,775,60103,726,60114,59377
23885,60884,756,60103,711,60128,59392
23901,60919,752,60144,708,60167,59436
23918,60965,763,60199,721,60202,59478
23935,61013,778,60247,736,60235,59511
23951,61041,779,60285,736,60262,59549
23968,61054,773,60285,730,60281,59555
23985,61058,756,60308,704,60302,59604
24001,61067,751,60320,706,60316,59614
24018,61093,757,60364,722,60336,59642
24035,61114,772,60381,729,60342,59652
24051,61127,780,60391,734,60347,59657
24068,61124,771,60361,717,60353,59644
24085,61105,750,60356,708,60355,59648
24101,61097,749,60352,704,60348,59648
24118,61105,755,60367,719,60350,59648
24135,61133,769,60380,731,60364,59649
24151,61142,776,60379,733,60366,59646
24168,61149,773,60395,722,60376,59673
24185,61144,751,60394,704,60393,59690
24201,61160,754,60391,707,60406,59684
24218,61193,756,60438,719,60437,59719
24235,61221,771,60463,726,60450,59737
24251,61230,780,60485,731,60450,59754
24268,61243,769,60504,721,60474,59783
24285,61234,753,60499,713,60481,59786
24301,61243,747,60497,711,60496,59786
24318,61259,756,60501,716,60503,59785
24335,61291,776,60528,728,60515,59800
24352,61298,773,60552,733,60525,59819
24367,61286,759,60546,718,60527,59828
24384,61284,746,60524,705,60538,59819
24401,61289,746,60532,709,60543,59823
24417,61313,762,60552,720,60551,59832
24434,61324,776,60578,732,60548,59846
24451,61338,776,60594,733,60562,59861
24467,61318,758,60572,720,60560,59852
24484,61319,753,60566,707,60566,59859
24501,61326,745,60593,712,60581,59881
24517,61355,762,60584,715,60593,59869
24534,61370,772,60609,737,60598,59872
24551,61374,775,60618,730,60599,59888
24567,61362,760,60614,715,60602,59899
24584,61368,749,60607,709,60619,59898
24601,61380,749,60620,711,60631,59909
24617,61400,764,60624,714,60636,59910
24634,61412,774,60665,734,60638,59931
24651,61409,776,60629,728,60633,59901
24667,61366,761,60582,723,60605,59859
24684,61304,747,60507,704,60557,59803
24701,61216,747,60371,715,60469,59656
24717,61118,762,60241,719,60356,59522
24734,61025,772,60124,732,60253,59392
24751,60982,779,60101,724,60203,59377
24767,60963,754,60089,716,60209,59373
24784,60993,749,60103,704,60244,59399
24801,61033,745,60151,709,60288,59442
24817,61091,763,60215,720,60328,59495
24834,61126,766,60254,729,60360,59525
24851,61154,773,60294,725,60381,59569
24867,61151,754,60298,716,60397,59582
24884,61172,747,60309,700,60425,59609
24901,61189,744,60325,704,60445,59621
24917,61218,758,60352,712,60460,59640
24934,61233,770,60385,728,60463,59657
24951,61226,773,60375,722,60453,59653
24967,61197,754,60346,721,60443,59625
24984,61181,746,60313,698,60435,59615
25001,61184,742,60311,705,60442,59606
25017,61203,765,60315,714,60438,59601
25034,61213,767,60338,733,60446,59605
25051,61224,771,60346,727,60453,59619
25067,61218,756,60353,716,60462,59637
25084,61232,748,60374,703,60484,59671
25101,61250,751,60379,707,60499,59672
25117,61277,765,60397,715,60512,59682
25134,61299,769,60430,730,60530,59700
25151,61311,770,60465,732,60541,59733
25167,61309,759,60466,719,60550,59747
25184,61304,745,60427,701,60559,59726
25201,61317,745,60451,706,60572,59745
25217,61332,764,60490,719,60568,59771
25234,61350,769,60485,729,60581,59756
25251,61363,777,60504,730,60586,59774
25267,61358,757,60488,723,60601,59765
25284,61351,752,60492,704,60599,59788
25301,61354,747,60480,707,60607,59773
25317,61370,764,60511,712,60606,59799
25334,61397,772,60533,738,60625,59795
25351,61400,771,60533,734,60629,59799
25368,61400,755,60532,719,60645,59813
25383,61383,744,60523,704,60639,59819
25400,61396,746,60515,705,60650,59810
25417,61423,765,60526,725,60658,59801
25433,61434,773,60538,729,60661,59809
25450,61435,772,60554,722,60663,59832
25467,61422,756,60563,708,60666,59855
25483,61422,744,60551,703,60678,59848
25500,61421,752,60550,708,60669,59842
25517,61433,760,60538,724,60673,59814
25533,61406,774,60494,729,60632,59765
25550,61323,774,60376,719,60549,59657
25567,61199,754,60220,702,60445,59518
25583,61074,741,60065,701,60333,59364
25600,61000,748,59992,710,60252,59282
25617,60995,762,59954,725,60233,59229
25633,61016,775,59997,731,60241,59266
25650,61042,771,60017,721,60271,59296
25667,61056,754,60052,703,60302,59349
25683,61088,746,60075,700,60342,59375
25700,61124,742,60104,710,60382,59394
25717,61163,762,60172,721,60401,59451
25733,61192,770,60183,724,60422,59459
25750,61209,765,60226,721,60444,59505
25767,61202,753,60221,705,60449,59516
25783,61201,741,60205,700,60460,59505
25800,61212,750,60220,707,60462,59513
25817,61228,767,60221,725,60461,59496
25833,61229,771,60208,725,60458,59483
25850,61210,772,60202,723,60438,59479
25867,61193,751,60196,708,60442,59488
25883,61189,745,60178,700,60444,59478
25900,61204,751,60185,707,60453,59478
25917,61236,762,60229,733,60474,59496
25933,61254,774,60257,730,60480,59527
25950,61260,767,60208,724,60493,59484
25967,61266,751,60273,707,60515,59566
25983,61272,744,60263,702,60528,59561
26000,61286,743,60285,712,60543,59573
26017,61322,769,60319,715,60553,59604
26033,61336,774,60326,727,60562,59599
26050,61341,771,60339,720,60570,59619
26067,61325,751,60342,712,60574,59630
26083,61329,741,60308,699,60588,59609
26100,61342,747,60328,705,60595,59623
26117,61368,757,60338,712,60611,59626
26133,61378,779,60371,726,60599,59645
26150,61383,766,60376,721,60617,59655
26167,61366,748,60361,709,60618,59652
26183,61365,746,60351,697,60619,59654
26200,61381,748,60377,705,60633,59672
26217,61405,766,60381,715,60639,59666
26233,61415,768,60393,725,60647,59668
26250,61420,766,60417,724,60654,59693
26267,61410,749,60403,710,60661,59693
26283,61410,740,60398,699,60670,59699
26300,61422,749,60404,706,60673,59698
26317,61446,763,60429,718,60683,59711
26333,61452,775,60439,731,60677,59708
26350,61436,768,60415,727,60668,59688
26367,61377,749,60326,716,60628,59610
26384,61266,742,60179,698,60524,59481
26399,61161,748,60017,705,60413,59312
26416,61023,762,59862,721,60261,59141
26433,60946,769,59754,729,60177,59025
26449,60893,760,59711,721,60133,58990
26466,60891,743,59705,706,60148,58999
26483,60905,740,59733,697,60165,59036
26499,60950,755,59772,707,60195,59065
26516,60989,758,59817,721,60231,59096
26533,61021,771,59870,724,60250,59146
26549,61031,757,59880,722,60274,59158
26566,61034,744,59873,704,60290,59169
26583,61056,746,59897,701,60310,59196
26599,61091,753,59918,705,60338,59213
26616,61112,763,59971,720,60349,59251
26633,61132,771,59980,724,60361,59256
26649,61125,760,60010,726,60365,59284
26666,61110,751,59955,703,60359,59252
26683,61102,741,59932,696,60361,59236
26699,61115,753,59947,702,60362,59245
26716,61127,758,59964,717,60369,59247
26733,61142,771,59992,725,60371,59267
26749,61145,761,59974,724,60384,59250
26766,61147,747,59982,701,60400,59281
26783,61156,742,60011,694,60414,59317
26799,61196,751,60038,704,60445,59334
26816,61218,762,60069,720,60456,59349
26833,61241,769,60102,727,60472,59375
26849,61239,754,60096,719,60485,59377
26866,61246,743,60098,703,60503,59395
26883,61257,744,60118,696,60513,59422
26899,61274,752,60134,702,60522,59432
26916,61300,767,60165,724,60533,59441
26933,61312,763,60184,722,60549,59462
26949,61305,760,60167,716,60545,59451
26966,61307,743,60158,702,60564,59456
26983,61306,741,60175,696,60565,59479
26999,61331,751,60202,702,60580,59500
27016,61350,758,60214,717,60592,59497
27033,61357,766,60213,724,60591,59489
27049,61368,754,60231,718,60614,59513
27066,61346,742,60207,698,60604,59509
27083,61358,739,60222,698,60619,59524
27099,61372,750,60229,705,60622,59524
27116,61405,761,60266,723,60644,59543
27133,61419,764,60279,726,60655,59553
27149,61421,754,60268,718,60667,59550
27166,61407,745,60238,705,60662,59533
27183,61400,741,60258,697,60659,59561
27199,61384,751,60218,705,60633,59513
27216,61339,759,60182,721,60580,59461
27233,61239,765,60003,725,60474,59278
27249,61076,755,59828,718,60321,59110
27266,60945,746,59653,702,60199,58951
27283,60879,739,59582,698,60140,58884
27299,60877,752,59582,702,60125,58880
27316,60906,767,59612,723,60139,58889
27333,60946,767,59659,723,60179,58936
27349,60983,755,59684,722,60228,58962
27366,60995,743,59715,705,60252,59010
27383,61019,735,59771,694,60284,59077
27400,61049,753,59787,707,60296,59080
27415,61098,764,59843,718,60334,59125
27432,61122,766,59864,722,60356,59142
27449,61124,754,59868,708,60370,59160
27465,61128,737,59865,699,60391,59166
27482,61128,736,59883,700,60392,59183
27499,61140,753,59869,712,60387,59157
27515,61149,768,59878,717,60381,59161
27532,61146,770,59882,722,60376,59160
27549,61130,757,59867,706,60373,59161
27565,61118,735,59860,701,60383,59159
27582,61135,736,59856,698,60399,59158
27599,61160,749,59894,713,60411,59181
27615,61199,765,59939,720,60434,59219
27632,61212,768,59951,723,60444,59228
27649,61219,755,59963,711,60464,59252
27665,61224,737,59973,701,60487,59272
27682,61239,738,60009,698,60501,59311
27699,61268,756,60003,712,60512,59291
27715,61297,768,60041,721,60529,59320
27732,61310,767,60071,728,60543,59343
27749,61303,755,60058,707,60548,59351
27765,61293,742,60057,700,60551,59357
27782,61307,737,60080,699,60570,59381
27799,61337,755,60079,714,60582,59365
27815,61346,763,60094,719,60583,59375
27832,61354,770,60125,728,60584,59397
27849,61352,759,60116,715,60593,59401
27865,61341,740,60095,701,60601,59394
27882,61356,738,60113,699,60618,59414
27899,61380,755,60126,707,60625,59419
27915,61394,769,60149,721,60625,59428
27932,61400,768,60135,723,60632,59412
27949,61403,759,60173,720,60644,59453
27965,61407,739,60148,699,60668,59449
27982,61407,742,60170,701,60665,59469
27999,61432,755,60173,711,60677,59462
28015,61448,767,60199,726,60681,59473
28032,61467,775,60209,731,60692,59478
28049,61448,760,60210,720,60688,59490
28065,61432,743,60157,705,60689,59452
28082,61395,739,60120,700,60656,59420
28099,61332,756,60024,710,60576,59314
28115,61208,769,59884,726,60439,59158
28132,61104,770,59736,729,60334,59007
28149,61012,759,59618,716,60253,58902
28165,60980,743,59571,702,60237,58869
28182,60993,735,59597,695,60258,58902
28199,61043,752,59673,703,60291,58970
28215,61106,768,59742,722,60338,59020
28232,61146,766,59779,716,60380,59063
28249,61163,752,59814,716,60411,59098
28265,61192,739,59832,698,60453,59134
28282,61220,739,59886,702,60481,59184
28299,61257,756,59927,704,60501,59223
28315,61284,765,59954,728,60519,59226
28332,61292,767,59946,722,60525,59224
28349,61269,751,59939,714,60518,59225
28365,61255,738,59916,703,60517,59213
28382,61234,739,59893,703,60495,59190
28399,61244,755,59872,705,60489,59167
28416,61252,769,59889,720,60483,59169
28431,61250,758,59889,725,60492,59164
28448,61260,750,59899,703,60510,59196
28465,61258,742,59898,694,60516,59204
28481,61284,746,59927,700,60538,59227
28498,61308,751,59969,714,60557,59255
28515,61342,771,59992,726,60571,59266
28531,61350,766,60002,728,60584,59274
28548,61351,755,60001,701,60596,59300
28565,61349,738,60006,699,60611,59307
28581,61373,747,60028,696,60626,59332
28598,61389,755,60045,716,60634,59329
28615,61414,767,60075,724,60647,59351
28631,61411,761,60061,722,60650,59339
28648,61415,756,60062,702,60659,59360
28665,61403,738,60065,695,60665,59370
28681,61426,748,60091,700,60678,59391
28698,61439,754,60087,713,60685,59374
28715,61463,765,60114,725,60698,59389
28731,61460,762,60115,719,60698,59396
28748,61455,751,60097,699,60704,59398
28765,61438,740,60098,698,60698,59400
28781,61458,744,60109,702,60714,59407
28798,61477,749,60141,716,60728,59425
28815,61499,762,60139,726,60737,59413
28831,61506,760,60152,718,60746,59434
28848,61493,752,60144,705,60741,59439
28865,61489,738,60134,697,60751,59437
28881,61476,743,60124,697,60733,59427
28898,61462,747,60104,713,60715,59391
28915,61405,762,59996,719,60643,59277
28931,61282,760,59837,722,60522,59115
28948,61141,752,59673,703,60389,58970
28965,61048,736,59561,701,60312,58860
28981,61007,739,59510,697,60268,58813
28998,61036,754,59545,714,60282,58831
29015,61080,763,59597,721,60317,58876
29031,61127,757,59621,717,60370,58904
29048,61148,756,59652,705,60392,58947
29065,61164,735,59689,697,60429,58992
29081,61204,741,59733,698,60463,59035
29098,61249,752,59802,710,60497,59092
29115,61286,765,59843,723,60521,59120
29131,61301,760,59849,719,60541,59130
29148,61289,750,59833,696,60539,59137
29165,61283,740,59828,692,60543,59136
29181,61275,743,59809,697,60532,59112
29198,61275,753,59806,710,60522,59096
29215,61279,765,59787,717,60514,59070
29231,61279,758,59800,714,60521,59086
29248,61260,747,59775,697,60513,59078
29265,61258,737,59797,696,60521,59101
29281,61281,744,59825,700,60537,59125
29298,61313,750,59850,711,60563,59139
29315,61338,759,59879,715,60579,59164
29331,61355,756,59891,714,60599,59177
29348,61356,751,59875,699,60605,59176
29365,61355,735,59891,695,60620,59196
29381,61369,738,59894,696,60631,59198
29398,61399,752,59933,708,60647,59225
29415,61411,763,59955,717,60648,59238
29432,61416,750,59933,715,60666,59218
29447,61392,740,59917,694,60652,59223
29464,61400,731,59928,688,60669,59240
29481,61420,737,59944,707,60683,59237
29497,61439,753,59970,714,60686,59256
29514,61451,758,59984,717,60693,59267
29531,61444,750,59974,709,60694,59265
29547,61427,733,59955,691,60694,59264
29564,61434,730,59959,681,60704,59278
29581,61452,738,59987,709,60714,59278
29597,61481,761,59995,712,60720,59283
29614,61489,764,60005,717,60725,59288
29631,61491,753,60002,713,60738,59289
29647,61473,732,59980,695,60741,59285
29664,61462,732,59977,688,60730,59289
29681,61461,737,59942,692,60724,59250
29697,61380,754,59858,710,60626,59148
29714,61261,757,59707,719,60504,58988
29731,61097,748,59469,712,60349,58757
29747,60935,736,59299,697,60199,58602
29764,60863,731,59205,689,60132,58516
29781,60862,737,59203,690,60125,58513
29797,60885,751,59237,703,60134,58534
29814,60930,761,59279,711,60169,58568
29831,60951,751,59314,713,60200,58601
29847,60972,731,59319,693,60241,58626
29864,60986,728,59357,685,60258,58672
29881,61022,736,59387,698,60286,58689
29897,61055,755,59426,711,60300,58715
29914,61094,758,59457,719,60336,58738
29931,61095,750,59480,712,60345,58768
29947,61107,735,59490,695,60372,58795
29964,61110,730,59487,690,60380,58797
29981,61132,737,59507,692,60395,58815
29997,61135,755,59502,707,60380,58795
