Tiempo (ms),IR,AMB_IR,RED,AMB_RED,IR_net,RED_net
3016,46166,841,25200,814,45325,24386
3031,46165,838,25199,814,45327,24385
3048,46165,848,25198,815,45317,24383
3065,46177,857,25218,827,45320,24391
3081,46170,854,25192,819,45316,24373
3098,46165,848,25201,822,45317,24379
3115,46160,842,25193,809,45318,24384
3131,46165,842,25194,813,45323,24381
3148,46172,846,25202,816,45326,24386
3165,46180,854,25221,830,45326,24391
3181,46185,859,25218,824,45326,24394
3198,46185,847,25220,818,45338,24402
3215,46181,843,25213,813,45338,24400
3231,46185,840,25216,816,45345,24400
3248,46189,843,25229,815,45346,24414
3265,46201,858,25240,826,45343,24414
3281,46206,860,25235,828,45346,24407
3298,46203,850,25237,821,45353,24416
3315,46196,844,25231,809,45352,24422
3331,46204,845,25238,815,45359,24423
3348,46217,850,25243,821,45367,24422
3365,46219,862,25258,828,45357,24430
3381,46225,853,25253,822,45372,24431
3398,46218,847,25250,823,45371,24427
3415,46214,844,25246,813,45370,24433
3431,46210,847,25250,813,45363,24437
3448,46218,849,25257,822,45369,24435
3465,46215,860,25246,829,45355,24417
3481,46205,857,25233,824,45348,24409
3498,46178,850,25210,824,45328,24386
3515,46160,845,25181,815,45315,24366
3531,46141,844,25173,815,45297,24358
3548,46144,851,25168,820,45293,24348
3565,46144,859,25184,828,45285,24356
3581,46151,854,25171,823,45297,24348
3598,46135,851,25169,820,45284,24349
3615,46136,840,25157,812,45296,24345
3631,46138,842,25171,815,45296,24356
3648,46147,848,25173,815,45299,24358
3665,46152,854,25179,825,45298,24354
3681,46157,854,25172,824,45303,24348
3698,46147,848,25183,820,45299,24363
3715,46150,844,25172,816,45306,24356
3731,46145,847,25173,817,45298,24356
3748,46150,846,25181,819,45304,24362
3765,46159,859,25186,829,45300,24357
3781,46155,851,25186,823,45304,24363
3798,46153,846,25183,820,45307,24363
3815,46150,847,25174,816,45303,24358
3831,46149,839,25172,821,45310,24351
3848,46161,852,25182,817,45309,24365
3865,46167,857,25201,827,45310,24374
3881,46163,850,25196,820,45313,24376
3898,46162,848,25196,819,45314,24377
3915,46161,841,25186,814,45320,24372
3931,46164,847,25191,813,45317,24378
3948,46175,848,25204,817,45327,24387
3965,46184,854,25217,826,45330,24391
3981,46192,858,25226,826,45334,24400
3998,46178,846,25213,819,45332,24394
4015,46178,843,25201,814,45335,24387
4032,46180,842,25211,817,45338,24394
4047,46192,852,25224,821,45340,24403
4064,46198,859,25233,824,45339,24409
4081,46198,853,25231,822,45345,24409
4097,46198,847,25228,818,45351,24410
4114,46197,844,25223,814,45353,24409
4131,46191,849,25233,815,45342,24418
4147,46205,848,25237,818,45357,24419
4164,46218,858,25247,826,45360,24421
4181,46221,848,25247,822,45373,24425
4197,46212,849,25243,814,45363,24429
4214,46206,842,25231,812,45364,24419
4231,46187,844,25224,817,45343,24407
4247,46187,847,25225,819,45340,24406
4264,46182,850,25211,825,45332,24386
4281,46164,853,25193,820,45311,24373
4297,46148,841,25176,818,45307,24358
4314,46133,835,25168,810,45298,24358
4331,46135,846,25164,812,45289,24352
4347,46146,850,25176,818,45296,24358
4364,46150,856,25180,826,45294,24354
4381,46156,852,25179,827,45304,24352
4397,46146,846,25172,814,45300,24358
4414,46141,847,25170,817,45294,24353
4431,46150,847,25183,814,45303,24369
4447,46160,847,25191,820,45313,24371
4464,46166,856,25196,821,45310,24375
4481,46170,849,25195,823,45321,24372
4497,46159,853,25191,820,45306,24371
4514,46154,843,25181,811,45311,24370
4531,46157,846,25184,816,45311,24368
4547,46157,853,25185,824,45304,24361
4564,46168,864,25198,823,45304,24375
4581,46168,859,25187,827,45309,24360
4597,46155,849,25190,812,45306,24378
4614,46155,849,25189,815,45306,24374
4631,46156,848,25194,816,45308,24378
4647,46172,847,25195,821,45325,24374
4664,46182,860,25213,824,45322,24389
4681,46184,853,25214,820,45331,24394
4697,46187,850,25216,818,45337,24398
4714,46179,844,25211,821,45335,24390
4731,46181,846,25219,815,45335,24404
4747,46192,846,25225,819,45346,24406
4764,46196,860,25227,823,45336,24404
4781,46203,850,25236,823,45353,24413
4797,46196,844,25232,815,45352,24417
4814,46196,844,25230,816,45352,24414
4831,46196,844,25234,815,45352,24419
4847,46204,848,25237,821,45356,24416
4864,46216,854,25244,824,45362,24420
4881,46212,852,25246,823,45360,24423
4897,46208,848,25248,814,45360,24434
4914,46211,838,25247,810,45373,24437
4931,46206,848,25258,818,45358,24440
4947,46220,851,25259,824,45369,24435
4964,46229,856,25267,823,45373,24444
4981,46230,860,25264,826,45370,24438
4997,46219,849,25250,821,45370,24429
5014,46199,842,25227,812,45357,24415
5031,46181,842,25215,811,45339,24404
5048,46175,847,25202,820,45328,24382
5063,46174,853,25201,827,45321,24374
5080,46156,852,25189,820,45304,24369
5097,46148,846,25177,819,45302,24358
5113,46150,840,25180,813,45310,24367
5130,46149,846,25173,813,45303,24360
5147,46151,852,25180,818,45299,24362
5163,46163,858,25193,830,45305,24363
5180,46155,853,25189,821,45302,24368
5197,46155,848,25182,811,45307,24371
5213,46146,843,25180,811,45303,24369
5230,46158,846,25191,808,45312,24383
5247,46168,852,25194,820,45316,24374
5263,46172,855,25200,829,45317,24371
5280,46169,855,25194,828,45314,24366
5297,46163,844,25185,817,45319,24368
5313,46153,841,25181,812,45312,24369
5330,46155,849,25179,816,45306,24363
5347,46165,851,25189,822,45314,24367
5363,46170,855,25200,832,45315,24368
5380,46170,856,25196,823,45314,24373
5397,46168,842,25192,816,45326,24376
5413,46165,844,25186,811,45321,24375
5430,46168,844,25189,817,45324,24372
5447,46175,850,25200,820,45325,24380
5463,46187,853,25219,830,45334,24389
5480,46185,852,25209,824,45333,24385
5497,46187,844,25206,817,45343,24389
5513,46182,851,25208,812,45331,24396
5530,46186,842,25213,816,45344,24397
5547,46196,853,25226,820,45343,24406
5563,46203,853,25224,833,45350,24391
5580,46205,858,25231,826,45347,24405
5597,46199,844,25220,814,45355,24406
5613,46195,844,25218,811,45351,24407
5630,46203,844,25222,813,45359,24409
5647,46207,859,25234,817,45348,24417
5663,46219,857,25242,828,45362,24414
5680,46217,855,25240,826,45362,24414
5697,46215,846,25238,820,45369,24418
5713,46209,840,25237,815,45369,24422
5730,46215,848,25247,812,45367,24435
5747,46220,849,25251,820,45371,24431
5763,46221,858,25253,831,45363,24422
5780,46212,858,25232,824,45354,24408
5797,46196,851,25211,820,45345,24391
5813,46172,843,25189,817,45329,24372
5830,46157,848,25170,816,45309,24354
5847,46145,847,25160,819,45298,24341
5863,46138,850,25149,833,45288,24316
5880,46140,854,25155,826,45286,24329
5897,46130,849,25136,819,45281,24317
5913,46121,844,25136,813,45277,24323
5930,46127,844,25137,815,45283,24322
5947,46134,849,25142,819,45285,24323
5963,46144,856,25149,826,45288,24323
5980,46137,846,25149,819,45291,24330
5997,46137,847,25145,817,45290,24328
6013,46132,844,25140,810,45288,24330
6030,46141,846,25141,813,45295,24328
6047,46144,847,25152,819,45297,24333
6064,46146,856,25150,832,45290,24318
6079,46148,857,25155,825,45291,24330
6096,46135,845,25142,821,45290,24321
6113,46130,842,25140,813,45288,24327
6129,46135,849,25145,814,45286,24331
6146,46138,853,25148,819,45285,24329
6163,46148,856,25158,829,45292,24329
6179,46146,853,25156,818,45293,24338
6196,46144,848,25153,821,45296,24332
6213,46144,844,25148,808,45300,24340
6229,46146,847,25153,822,45299,24331
6246,46163,849,25170,822,45314,24348
6263,46169,858,25187,829,45311,24358
6279,46168,853,25171,822,45315,24349
6296,46165,851,25176,823,45314,24353
6313,46161,846,25166,816,45315,24350
6329,46167,848,25182,814,45319,24368
6346,46172,849,25188,820,45323,24368
6363,46189,856,25191,826,45333,24365
6379,46186,854,25192,822,45332,24370
6396,46174,853,25187,822,45321,24365
6413,46181,841,25179,812,45340,24367
6429,46180,843,25187,814,45337,24373
6446,46190,849,25197,819,45341,24378
6463,46204,853,25208,827,45351,24381
6479,46199,858,25212,822,45341,24390
6496,46189,842,25201,818,45347,24383
6513,46191,841,25192,812,45350,24380
6529,46198,846,25200,817,45352,24383
6546,46205,850,25207,817,45355,24390
6563,46202,852,25207,830,45350,24377
6579,46187,854,25191,820,45333,24371
6596,46158,850,25161,813,45308,24348
6613,46145,838,25142,815,45307,24327
6629,46128,842,25118,812,45286,24306
6646,46130,850,25125,816,45280,24309
6663,46121,855,25124,820,45266,24304
6679,46122,845,25118,819,45277,24299
6696,46115,845,25115,816,45270,24299
6713,46110,842,25113,813,45268,24300
6729,46115,845,25110,809,45270,24301
6746,46118,853,25116,817,45265,24299
6763,46126,855,25129,824,45271,24305
6779,46125,851,25126,822,45274,24304
6796,46126,853,25126,820,45273,24306
6813,46126,848,25128,815,45278,24313
6829,46122,845,25122,813,45277,24309
6846,46136,851,25128,819,45285,24309
6863,46142,861,25141,833,45281,24308
6879,46132,855,25133,820,45277,24313
6896,46122,847,25126,822,45275,24304
6913,46118,845,25116,814,45273,24302
6929,46125,846,25118,822,45279,24296
6946,46134,852,25123,819,45282,24304
6963,46146,855,25138,825,45291,24313
6979,46138,853,25140,825,45285,24315
6996,46132,845,25133,818,45287,24315
7013,46133,846,25124,810,45287,24314
7030,46143,849,25138,817,45294,24321
7046,46148,852,25149,821,45296,24328
7063,46161,855,25159,827,45306,24332
7080,46163,851,25160,825,45312,24335
7095,46158,846,25145,817,45312,24328
7112,46156,845,25147,811,45311,24336
7129,46160,848,25154,818,45312,24336
7145,46169,848,25173,822,45321,24351
7162,46186,862,25179,826,45324,24353
7179,46176,853,25176,822,45323,24354
7195,46172,848,25164,813,45324,24351
7212,46179,843,25167,813,45336,24354
7229,46176,851,25182,818,45325,24364
7245,46185,851,25193,822,45334,24371
7262,46201,862,25194,825,45339,24369
7279,46193,853,25190,822,45340,24368
7295,46193,850,25187,819,45343,24368
7312,46198,847,25184,816,45351,24368
7329,46195,852,25191,815,45343,24376
7345,46207,856,25203,827,45351,24376
7362,46224,863,25218,826,45361,24392
7379,46197,851,25196,824,45346,24372
7395,46174,849,25178,819,45325,24359
7412,46160,850,25147,817,45310,24330
7429,46144,852,25138,820,45292,24318
7445,46135,851,25132,823,45284,24309
7462,46149,864,25131,825,45285,24306
7479,46128,852,25120,821,45276,24299
7495,46122,848,25122,816,45274,24306
7512,46121,849,25106,814,45272,24292
7529,46119,846,25104,818,45273,24286
7545,46131,858,25125,822,45273,24303
7562,46148,866,25133,828,45282,24305
7579,46140,853,25128,826,45287,24302
7595,46131,847,25131,814,45284,24317
7612,46144,853,25120,812,45291,24308
7629,46133,846,25123,817,45287,24306
7645,46142,854,25138,824,45288,24314
7662,46163,866,25142,827,45297,24315
7679,46146,857,25139,826,45289,24313
7695,46133,852,25142,817,45281,24325
7712,46138,853,25124,812,45285,24312
7729,46137,842,25131,820,45295,24311
7745,46147,849,25142,821,45298,24321
7762,46166,871,25152,830,45295,24322
7779,46151,856,25147,825,45295,24322
7795,46152,848,25147,815,45304,24332
7812,46148,852,25143,815,45296,24328
7829,46155,848,25148,816,45307,24332
7845,46164,851,25158,821,45313,24337
7862,46182,870,25179,829,45312,24350
7879,46174,852,25168,823,45322,24345
7895,46170,848,25167,813,45322,24354
7912,46169,853,25156,812,45316,24344
7929,46171,846,25172,814,45325,24358
7945,46192,850,25184,823,45342,24361
7962,46203,869,25197,826,45334,24371
7979,46190,853,25190,823,45337,24367
7995,46194,845,25198,816,45349,24382
8012,46185,850,25189,812,45335,24377
8029,46189,842,25191,814,45347,24377
8045,46202,848,25202,821,45354,24381
8062,46216,863,25218,827,45353,24391
8079,46210,856,25213,822,45354,24391
8096,46205,849,25211,817,45356,24394
8111,46203,852,25207,811,45351,24396
8128,46210,854,25208,812,45356,24396
8145,46216,857,25219,819,45359,24400
8161,46228,868,25225,824,45360,24401
8178,46222,848,25233,827,45374,24406
8195,46220,843,25223,818,45377,24405
8211,46212,851,25216,813,45361,24403
8228,46198,848,25194,818,45350,24376
8245,46185,856,25187,825,45329,24362
8261,46183,868,25176,828,45315,24348
8278,46170,852,25165,824,45318,24341
8295,46158,845,25156,816,45313,24340
8311,46152,853,25149,806,45299,24343
8328,46160,845,25161,817,45315,24344
8345,46164,851,25156,819,45313,24337
8361,46182,869,25174,824,45313,24350
8378,46175,849,25173,828,45326,24345
8395,46176,844,25167,820,45332,24347
8411,46171,853,25173,815,45318,24358
8428,46183,847,25178,814,45336,24364
8445,46186,846,25187,821,45340,24366
8461,46200,867,25195,832,45333,24363
8478,46188,852,25191,825,45336,24366
8495,46190,849,25186,818,45341,24368
8511,46181,854,25186,813,45327,24373
8528,46184,847,25181,817,45337,24364
8545,46191,853,25183,824,45338,24359
8561,46198,867,25200,828,45331,24372
8578,46197,855,25189,824,45342,24365
8595,46192,850,25194,814,45342,24380
8611,46186,850,25185,812,45336,24373
8628,46199,848,25193,815,45351,24378
8645,46201,850,25203,822,45351,24381
8661,46212,864,25222,824,45348,24398
8678,46211,856,25216,829,45355,24387
8695,46212,848,25202,815,45364,24387
8711,46206,854,25209,816,45352,24393
8728,46209,847,25218,819,45362,24399
8745,46220,852,25231,822,45368,24409
8761,46234,864,25247,825,45370,24422
8778,46230,851,25232,824,45379,24408
8795,46229,855,25227,820,45374,24407
8811,46227,852,25232,811,45375,24421
8828,46233,847,25230,816,45386,24414
8845,46238,846,25244,826,45392,24418
8861,46255,866,25257,830,45389,24427
8878,46242,855,25245,826,45387,24419
8895,46244,851,25242,820,45393,24422
8911,46241,851,25243,810,45390,24433
8928,46247,849,25248,814,45398,24434
8945,46257,852,25254,821,45405,24433
8961,46271,866,25268,830,45405,24438
8978,46264,856,25267,827,45408,24440
8995,46259,852,25257,820,45407,24437
9011,46250,853,25262,811,45397,24451
9028,46250,848,25240,816,45402,24424
9045,46236,847,25236,822,45389,24414
9062,46231,865,25230,828,45366,24402
9078,46208,856,25206,827,45352,24379
9095,46201,846,25185,817,45355,24368
9112,46186,848,25190,815,45338,24375
9127,46194,846,25183,817,45348,24366
9144,46204,858,25197,823,45346,24374
9161,46215,861,25205,826,45354,24379
9177,46203,857,25198,821,45346,24377
9194,46203,844,25195,816,45359,24379
9211,46201,844,25192,811,45357,24381
9227,46212,847,25202,820,45365,24382
9244,46229,859,25213,828,45370,24385
9261,46231,863,25234,827,45368,24407
9277,46221,853,25221,824,45368,24397
9294,46219,847,25216,824,45372,24392
9311,46219,845,25211,816,45374,24395
9327,46222,852,25219,822,45370,24397
9344,46224,860,25218,822,45364,24396
9361,46233,860,25224,828,45373,24396
9377,46226,853,25221,823,45373,24398
9394,46216,848,25215,823,45368,24392
9411,46219,848,25217,815,45371,24402
9427,46226,849,25217,817,45377,24400
9444,46244,854,25230,829,45390,24401
9461,46238,860,25234,827,45378,24407
9477,46238,855,25231,823,45383,24408
9494,46236,845,25221,819,45391,24402
9511,46235,847,25229,810,45388,24419
9527,46238,847,25227,819,45391,24408
9544,46262,858,25244,823,45404,24421
9561,46265,861,25255,833,45404,24422
9577,46266,855,25260,821,45411,24439
9594,46253,850,25249,820,45403,24429
9611,46257,846,25254,814,45411,24440
9627,46262,849,25259,822,45413,24437
9644,46271,853,25264,826,45418,24438
9661,46274,865,25269,830,45409,24439
9677,46279,856,25271,825,45423,24446
9694,46269,845,25266,820,45424,24446
9711,46268,845,25259,813,45423,24446
9727,46282,851,25268,822,45431,24446
9744,46287,857,25282,823,45430,24459
9761,46290,857,25293,832,45433,24461
9777,46282,854,25286,825,45428,24461
9794,46284,850,25283,818,45434,24465
9811,46278,844,25266,814,45434,24452
9827,46284,848,25266,821,45436,24445
9844,46282,859,25270,823,45423,24447
9861,46266,854,25257,831,45412,24426
9877,46240,856,25231,822,45384,24409
9894,46225,845,25210,819,45380,24391
9911,46210,847,25201,812,45363,24389
9927,46214,847,25199,818,45367,24381
9944,46221,854,25203,823,45367,24380
9961,46231,862,25209,832,45369,24377
9977,46225,853,25209,827,45372,24382
9994,46214,846,25197,820,45368,24377
10011,46217,846,25194,815,45371,24379
10027,46224,855,25201,816,45369,24385
10044,46237,851,25211,824,45386,24387
10061,46246,863,25228,834,45383,24394
10078,46237,858,25214,828,45379,24386
10094,46236,851,25210,818,45385,24392
10111,46229,843,25201,817,45386,24384
10128,46239,851,25209,820,45388,24389
10143,46247,859,25222,830,45388,24392
10160,46243,861,25229,834,45382,24395
10177,46240,856,25220,828,45384,24392
10193,46231,846,25212,817,45385,24395
10210,46228,844,25205,815,45384,24390
10227,46233,851,25216,821,45382,24395
10243,46251,858,25221,828,45393,24393
10260,46254,858,25228,832,45396,24396
10277,46252,858,25227,828,45394,24399
10293,46249,855,25228,819,45394,24409
10310,46248,845,25218,814,45403,24404
10327,46253,848,25231,820,45405,24411
10343,46264,858,25245,831,45406,24414
10360,46275,861,25253,828,45414,24425
10377,46265,856,25246,819,45409,24427
10393,46263,850,25239,813,45413,24426
10410,46266,848,25232,820,45418,24412
10427,46274,849,25256,821,45425,24435
10443,46281,860,25256,831,45421,24425
10460,46287,859,25270,832,45428,24438
10477,46289,854,25264,823,45435,24441
10493,46286,846,25261,816,45440,24445
10510,46282,842,25254,813,45440,24441
10527,46290,849,25266,819,45441,24447
10543,46296,851,25272,830,45445,24442
10560,46305,866,25281,831,45439,24450
10577,46299,856,25276,824,45443,24452
10593,46288,850,25273,812,45438,24461
10610,46290,847,25271,813,45443,24458
10627,46298,849,25279,819,45449,24460
10643,46299,853,25279,823,45446,24456
10660,46284,858,25262,828,45426,24434
10677,46265,856,25232,819,45409,24413
10693,46247,842,25211,822,45405,24389
10710,46232,846,25197,814,45386,24383
10727,46234,848,25198,818,45386,24380
10743,46237,858,25198,827,45379,24371
10760,46237,863,25209,830,45374,24379
10777,46234,854,25197,824,45380,24373
10793,46224,848,25191,817,45376,24374
10810,46224,846,25190,813,45378,24377
10827,46233,846,25197,818,45387,24379
10843,46241,852,25207,825,45389,24382
10860,46252,864,25222,829,45388,24393
10877,46247,858,25214,821,45389,24393
10893,46240,846,25211,820,45394,24391
10910,46235,843,25204,814,45392,24390
10927,46244,846,25212,822,45398,24390
10943,46249,854,25219,823,45395,24396
10960,46258,861,25224,834,45397,24390
10977,46250,859,25214,823,45391,24391
10993,46239,847,25207,827,45392,24380
11010,46240,846,25201,814,45394,24387
11027,46244,845,25210,816,45399,24394
11043,46259,850,25216,820,45409,24396
11060,46258,861,25225,831,45397,24394
11077,46253,853,25224,820,45400,24404
11093,46259,847,25223,822,45412,24401
11110,46257,848,25222,819,45409,24403
11127,46260,852,25228,824,45408,24404
11144,46274,858,25240,824,45416,24416
11159,46281,860,25249,829,45421,24420
11176,46277,854,25243,825,45423,24418
11193,46278,853,25239,820,45425,24419
11209,46278,851,25241,818,45427,24423
11226,46283,856,25249,821,45427,24428
11243,46291,858,25262,831,45433,24431
11259,46304,860,25269,825,45444,24444
11276,46290,853,25258,825,45437,24433
11293,46289,852,25257,810,45437,24447
11309,46283,843,25250,815,45440,24435
11326,46292,845,25267,819,45447,24448
11343,46302,856,25284,824,45446,24460
11359,46311,862,25284,828,45449,24456
11376,46305,850,25286,827,45455,24459
11393,46298,842,25271,809,45456,24462
11409,46299,836,25273,809,45463,24464
11426,46307,846,25274,811,45461,24463
11443,46307,848,25281,823,45459,24458
11459,46303,859,25266,828,45444,24438
11476,46271,848,25247,819,45423,24428
11493,46257,846,25214,814,45411,24400
11509,46246,839,25207,815,45407,24392
11526,46253,850,25216,815,45403,24401
11543,46250,859,25224,824,45391,24400
11559,46256,858,25223,832,45398,24391
11576,46247,852,25212,818,45395,24394
11593,46244,846,25203,812,45398,24391
11609,46242,838,25207,817,45404,24390
11626,46252,842,25214,814,45410,24400
11643,46261,850,25229,821,45411,24408
11659,46276,860,25243,830,45416,24413
11676,46268,847,25238,828,45421,24410
11693,46263,845,25221,816,45418,24405
11709,46262,842,25228,811,45420,24417
11726,46268,850,25238,812,45418,24426
11743,46273,854,25241,828,45419,24413
11759,46278,858,25246,828,45420,24418
11776,46273,852,25242,824,45421,24418
11793,46264,848,25245,825,45416,24420
11809,46263,837,25229,814,45426,24415
11826,46274,851,25233,815,45423,24418
11843,46278,850,25249,825,45428,24424
11859,46291,855,25257,826,45436,24431
11876,46286,850,25253,824,45436,24429
11893,46275,849,25239,815,45426,24424
11909,46278,844,25250,816,45434,24434
11926,46286,848,25250,816,45438,24434
11943,46295,851,25267,817,45444,24450
11959,46309,858,25272,830,45451,24442
11976,46306,854,25272,824,45452,24448
11993,46300,848,25271,815,45452,24456
12009,46302,847,25271,817,45455,24454
12026,46308,848,25278,817,45460,24461
12043,46311,854,25294,823,45457,24471
12059,46319,860,25294,831,45459,24463
12076,46325,849,25288,825,45476,24463
12093,46316,845,25289,813,45471,24476
12109,46314,843,25287,814,45471,24473
12126,46315,849,25294,819,45466,24475
12143,46327,850,25313,829,45477,24484
12160,46334,855,25309,832,45479,24477
12175,46334,852,25309,818,45482,24491
12192,46325,842,25301,814,45483,24487
12209,46325,842,25302,813,45483,24489
12225,46328,851,25306,824,45477,24482
12242,46335,859,25306,827,45476,24479
12259,46319,862,25303,832,45457,24471
12275,46295,850,25267,822,45445,24445
12292,46280,842,25244,813,45438,24431
12309,46266,845,25245,813,45421,24432
12325,46278,849,25232,824,45429,24408
12342,46279,849,25243,826,45430,24417
12359,46283,858,25247,829,45425,24418
12375,46283,851,25247,824,45432,24423
12392,46273,847,25237,821,45426,24416
12409,46276,843,25245,815,45433,24430
12425,46285,853,25253,821,45432,24432
12442,46296,852,25255,820,45444,24435
12459,46301,864,25261,831,45437,24430
12475,46301,854,25267,817,45447,24450
12492,46287,845,25256,817,45442,24439
12509,46292,847,25251,817,45445,24434
12525,46298,851,25259,822,45447,24437
12542,46300,857,25265,826,45443,24439
12559,46304,860,25271,828,45444,24443
12575,46296,854,25260,824,45442,24436
12592,46284,848,25253,814,45436,24439
12609,46291,844,25257,815,45447,24442
12625,46294,849,25255,817,45445,24438
12642,46308,858,25268,826,45450,24442
12659,46308,861,25268,828,45447,24440
12675,46306,852,25275,823,45454,24452
12692,46299,848,25266,822,45451,24444
12709,46303,844,25265,816,45459,24449
12725,46313,852,25272,818,45461,24454
12742,46321,858,25281,827,45463,24454
12759,46328,863,25289,832,45465,24457
12775,46327,856,25287,827,45471,24460
12792,46323,848,25282,820,45475,24462
12809,46317,844,25278,816,45473,24462
12825,46324,850,25282,818,45474,24464
12842,46331,856,25299,826,45475,24473
12859,46343,859,25300,829,45484,24471
12875,46334,856,25298,827,45478,24471
12892,46331,849,25296,816,45482,24480
12909,46330,845,25292,810,45485,24482
12925,46337,852,25302,819,45485,24483
12942,46345,856,25309,825,45489,24484
12959,46349,863,25315,829,45486,24486
12975,46349,858,25313,823,45491,24490
12992,46344,850,25298,819,45494,24479
13009,46330,841,25285,815,45489,24470
13025,46325,853,25273,819,45472,24454
13042,46305,858,25276,828,45447,24448
13059,46298,863,25251,826,45435,24425
13075,46282,854,25241,824,45428,24417
13092,46267,843,25207,812,45424,24395
13109,46254,839,25203,814,45415,24389
13125,46259,852,25204,818,45407,24386
13142,46262,856,25213,827,45406,24386
13159,46269,857,25221,826,45412,24395
13176,46262,855,25213,826,45407,24387
13191,46259,847,25210,816,45412,24394
13208,46258,843,25201,817,45415,24384
13225,46268,847,25209,818,45421,24391
13241,46278,861,25216,831,45417,24385
13258,46278,857,25224,829,45421,24395
13275,46279,853,25222,823,45426,24399
13291,46261,845,25215,815,45416,24400
13308,46263,848,25205,811,45415,24394
13325,46267,847,25208,818,45420,24390
13341,46278,858,25211,826,45420,24385
13358,46277,856,25218,829,45421,24389
13375,46271,854,25208,821,45417,24387
13391,46265,840,25211,814,45425,24397
13408,46274,846,25209,819,45428,24390
13425,46273,855,25219,815,45418,24404
13441,46282,857,25229,827,45425,24402
13458,46288,862,25243,830,45426,24413
13475,46290,856,25222,826,45434,24396
13491,46286,846,25225,818,45440,24407
13508,46292,848,25221,816,45444,24405
13525,46297,852,25235,822,45445,24413
13541,46305,861,25246,833,45444,24413
13558,46309,865,25251,838,45444,24413
13575,46302,860,25240,817,45442,24423
13591,46301,850,25242,824,45451,24418
13608,46300,847,25236,814,45453,24422
13625,46308,852,25249,820,45456,24429
13641,46320,860,25253,830,45460,24423
13658,46325,856,25264,832,45469,24432
13675,46312,857,25251,826,45455,24425
13691,46317,850,25256,825,45467,24431
13708,46311,845,25259,815,45466,24444
13725,46319,850,25255,822,45469,24433
13741,46336,857,25270,825,45479,24445
13758,46338,859,25277,834,45479,24443
13775,46325,857,25261,825,45468,24436
13791,46302,851,25249,838,45451,24411
13808,46283,844,25218,819,45439,24399
13825,46277,856,25226,827,45421,24399
13841,46271,862,25211,826,45409,24385
13858,46264,859,25213,831,45405,24382
13875,46248,859,25183,826,45389,24357
13891,46236,848,25181,821,45388,24360
13908,46230,844,25169,811,45386,24358
13925,46233,852,25175,822,45381,24353
13941,46244,861,25183,820,45383,24363
13958,46246,861,25190,835,45385,24355
13975,46242,857,25175,822,45385,24353
13991,46237,852,25167,818,45385,24349
14008,46232,850,25173,810,45382,24363
14025,46241,850,25171,822,45391,24349
14041,46247,857,25182,826,45390,24356
14058,46254,860,25191,832,45394,24359
14075,46240,857,25177,825,45383,24352
14091,46237,849,25169,822,45388,24347
14108,46227,843,25160,820,45384,24340
14125,46230,852,25166,822,45378,24344
14142,46247,857,25175,827,45390,24348
14158,46249,862,25182,828,45387,24354
14175,46240,855,25171,827,45385,24344
14192,46230,845,25166,822,45385,24344
14207,46240,846,25161,818,45394,24343
14224,46248,857,25174,821,45391,24353
14241,46260,860,25183,832,45400,24351
14257,46256,861,25191,828,45395,24363
14274,46251,855,25184,824,45396,24360
14291,46249,847,25178,816,45402,24362
14307,46249,846,25180,821,45403,24359
14324,46260,850,25187,823,45410,24364
14341,46272,859,25198,828,45413,24370
14357,46271,858,25202,823,45413,24379
14374,46263,852,25198,824,45411,24374
14391,46265,854,25195,821,45411,24374
14407,46263,845,25190,819,45418,24371
14424,46279,855,25207,822,45424,24385
14441,46285,854,25222,828,45431,24394
14457,46284,861,25223,826,45423,24397
14474,46276,852,25221,823,45424,24398
14491,46283,845,25204,814,45438,24390
14507,46282,844,25206,807,45438,24399
14524,46288,850,25225,821,45438,24404
14541,46298,861,25229,832,45437,24397
14557,46291,863,25228,832,45428,24396
14574,46265,854,25193,821,45411,24372
14591,46239,850,25173,817,45389,24356
14607,46228,843,25148,813,45385,24335
14624,46213,851,25142,819,45362,24323
14641,46213,855,25140,831,45358,24309
14657,46216,861,25137,831,45355,24306
14674,46206,851,25130,821,45355,24309
14691,46192,844,25123,819,45348,24304
14707,46199,847,25115,812,45352,24303
14724,46197,852,25128,820,45345,24308
14741,46206,855,25134,830,45351,24304
14757,46214,860,25147,831,45354,24316
14774,46212,848,25139,822,45364,24317
14791,46201,848,25130,819,45353,24311
14807,46206,847,25126,813,45359,24313
14824,46211,852,25135,820,45359,24315
14841,46214,857,25138,827,45357,24311
14857,46221,861,25150,832,45360,24318
14874,46210,851,25140,824,45359,24316
14891,46206,844,25127,819,45362,24308
14907,46199,845,25128,812,45354,24316
14924,46205,853,25136,824,45352,24312
14941,46225,857,25149,829,45368,24320
14957,46225,858,25155,833,45367,24322
14974,46215,849,25145,824,45366,24321
14991,46215,847,25138,819,45368,24319
15007,46216,843,25147,812,45373,24335
15024,46228,854,25153,822,45374,24331
15041,46238,856,25171,829,45382,24342
15057,46245,863,25178,837,45382,24341
15074,46240,853,25163,823,45387,24340
15091,46236,853,25162,815,45383,24347
15107,46238,847,25163,815,45391,24348
15124,46243,856,25178,821,45387,24357
15141,46256,857,25187,830,45399,24357
15157,46262,859,25192,829,45403,24363
15174,46257,852,25186,827,45405,24359
15191,46249,852,25173,814,45397,24359
15208,46248,844,25179,808,45404,24371
15223,46255,849,25187,819,45406,24368
15240,46279,863,25208,831,45416,24377
15257,46277,866,25204,829,45411,24375
15273,46269,847,25205,824,45422,24381
15290,46271,844,25195,817,45427,24378
15307,46262,846,25203,816,45416,24387
15323,46281,853,25208,827,45428,24381
15340,46296,860,25219,828,45436,24391
15357,46275,860,25204,828,45415,24376
15373,46253,857,25190,822,45396,24368
15390,46233,843,25154,818,45390,24336
15407,46214,847,25141,818,45367,24323
15423,46213,850,25142,819,45363,24323
15440,46219,863,25137,833,45356,24304
15457,46204,863,25137,830,45341,24307
15473,46199,852,25129,826,45347,24303
15490,46190,846,25122,814,45344,24308
15507,46198,845,25127,817,45353,24310
15523,46203,854,25130,820,45349,24310
15540,46216,862,25138,830,45354,24308
15557,46214,861,25137,832,45353,24305
15573,46209,853,25144,824,45356,24320
15590,46212,848,25135,818,45364,24317
15607,46199,841,25134,821,45358,24313
15623,46209,852,25139,824,45357,24315
15640,46218,864,25147,830,45354,24317
15657,46218,862,25146,826,45356,24320
15673,46209,851,25143,822,45358,24321
15690,46203,846,25127,819,45357,24308
15707,46202,845,25128,821,45357,24307
15723,46208,851,25131,822,45357,24309
15740,46221,866,25149,829,45355,24320
15757,46221,863,25145,831,45358,24314
15773,46215,851,25145,824,45364,24321
15790,46212,847,25137,810,45365,24327
15807,46210,845,25143,816,45365,24327
15823,46222,852,25156,821,45370,24335
15840,46232,867,25163,825,45365,24338
15857,46247,861,25165,827,45386,24338
15873,46232,850,25166,823,45382,24343
15890,46232,851,25161,817,45381,24344
15907,46228,846,25162,818,45382,24344
15923,46246,856,25172,818,45390,24354
15940,46248,867,25189,827,45381,24362
15957,46255,860,25182,834,45395,24348
15973,46248,853,25183,822,45395,24361
15990,46245,853,25174,818,45392,24356
16007,46241,846,25171,814,45395,24357
16023,46250,848,25180,823,45402,24357
16040,46262,863,25194,828,45399,24366
16057,46266,857,25191,827,45409,24364
16073,46263,852,25193,827,45411,24366
16090,46260,855,25186,815,45405,24371
16107,46256,844,25192,814,45412,24378
16123,46269,853,25192,817,45416,24375
16140,46266,864,25201,822,45402,24379
16157,46257,860,25184,827,45397,24357
16173,46228,850,25152,823,45378,24329
16190,46208,855,25127,814,45353,24313
16207,46190,845,25110,813,45345,24297
16224,46185,850,25102,820,45335,24282
16239,46189,866,25105,832,45323,24273
16256,46181,858,25101,829,45323,24272
16273,46173,857,25085,820,45316,24265
16289,46173,856,25098,820,45317,24278
16306,46171,844,25088,818,45327,24270
16323,46175,851,25101,825,45324,24276
16339,46195,868,25104,828,45327,24276
16356,46183,855,25104,833,45328,24271
16373,46184,853,25098,821,45331,24277
16389,46179,857,25092,821,45322,24271
16406,46174,849,25090,817,45325,24273
16423,46180,851,25099,824,45329,24275
16439,46190,867,25108,832,45323,24276
16456,46183,854,25097,836,45329,24261
16473,46176,855,25091,823,45321,24268
16489,46171,852,25084,812,45319,24272
16506,46168,847,25086,813,45321,24273
16523,46176,850,25097,826,45326,24271
16539,46192,871,25104,828,45321,24276
16556,46191,857,25105,828,45334,24277
16573,46186,850,25095,821,45336,24274
16589,46179,852,25099,816,45327,24283
16606,46177,846,25096,813,45331,24283
16623,46195,854,25106,821,45341,24285
16639,46210,867,25118,824,45343,24294
16656,46210,861,25114,826,45349,24288
16673,46204,853,25124,819,45351,24305
16689,46198,857,25117,812,45341,24305
16706,46200,843,25115,816,45357,24299
16723,46209,846,25131,820,45363,24311
16739,46220,870,25135,825,45350,24310
16756,46227,856,25143,828,45371,24315
16773,46226,854,25130,827,45372,24303
16789,46208,854,25133,818,45354,24315
16806,46211,847,25130,812,45364,24318
16823,46222,850,25141,822,45372,24319
16839,46235,868,25157,825,45367,24332
16856,46249,857,25157,833,45392,24324
16873,46231,855,25152,821,45376,24331
16889,46228,858,25151,821,45370,24330
16906,46228,847,25147,815,45381,24332
16923,46235,853,25163,822,45382,24341
16939,46243,862,25170,826,45381,24344
16956,46234,854,25154,831,45380,24323
16973,46209,855,25127,821,45354,24306
16989,46188,857,25105,818,45331,24287
17006,46167,850,25085,819,45317,24266
17023,46159,854,25071,822,45305,24249
17039,46160,869,25076,830,45291,24246
17056,46153,856,25060,828,45297,24232
17073,46141,852,25053,821,45289,24232
17089,46133,850,25050,817,45283,24233
17106,46137,850,25037,814,45287,24223
17123,46140,849,25049,820,45291,24229
17139,46154,864,25065,830,45290,24235
17156,46160,853,25064,832,45307,24232
17173,46145,849,25064,820,45296,24244
17189,46146,850,25064,815,45296,24249
17206,46148,844,25048,811,45304,24237
17223,46152,845,25064,821,45307,24243
17240,46154,864,25070,823,45290,24247
17255,46155,858,25071,829,45297,24242
17272,46149,844,25051,824,45305,24227
17289,46144,850,25045,813,45294,24232
17305,46141,846,25042,812,45295,24230
17322,46148,851,25056,823,45297,24233
17339,46160,862,25068,832,45298,24236
17355,46159,853,25069,828,45306,24241
17372,46158,850,25063,822,45308,24241
17389,46154,849,25060,816,45305,24244
17405,46155,846,25059,814,45309,24245
17422,46163,850,25073,816,45313,24257
17439,46184,861,25082,832,45323,24250
17455,46181,856,25085,832,45325,24253
17472,46178,846,25085,824,45332,24261
17489,46171,852,25074,817,45319,24257
17505,46178,847,25089,813,45331,24276
17522,46183,853,25091,818,45330,24273
17539,46196,860,25111,827,45336,24284
17555,46194,857,25111,828,45337,24283
17572,46193,852,25102,824,45341,24278
17589,46192,848,25093,816,45344,24277
17605,46192,850,25101,815,45342,24286
17622,46197,853,25107,824,45344,24283
17639,46208,860,25124,833,45348,24291
17655,46212,861,25127,832,45351,24295
17672,46211,854,25122,822,45357,24300
17689,46206,844,25117,814,45362,24303
17705,46210,849,25114,813,45361,24301
17722,46220,850,25128,820,45370,24308
17739,46228,859,25145,826,45369,24319
17755,46220,856,25147,830,45364,24317
17772,46210,850,25124,819,45360,24305
17789,46182,842,25087,812,45340,24275
17805,46173,845,25079,812,45328,24267
17822,46158,854,25071,821,45304,24250
17839,46152,854,25063,829,45298,24234
17855,46144,856,25053,826,45288,24227
17872,46134,851,25037,819,45283,24218
17889,46126,846,25030,816,45280,24214
17905,46123,846,25022,815,45277,24207
17922,46127,850,25027,818,45277,24209
17939,46137,858,25051,831,45279,24220
17955,46137,859,25045,828,45278,24217
17972,46139,848,25036,823,45291,24213
17989,46129,845,25053,813,45284,24240
18005,46137,850,25039,815,45287,24224
18022,46142,854,25050,824,45288,24226
18039,46154,859,25065,832,45295,24233
18055,46149,854,25060,828,45295,24232
18072,46145,848,25043,824,45297,24219
18089,46137,848,25052,812,45289,24240
18105,46138,849,25039,815,45289,24224
18122,46140,852,25044,818,45288,24226
18139,46148,854,25059,826,45294,24233
18155,46153,854,25065,832,45299,24233
18172,46153,846,25055,821,45307,24234
18189,46146,846,25059,813,45300,24246
18205,46153,848,25055,812,45305,24243
18222,46158,849,25066,820,45309,24246
18239,46173,865,25086,829,45308,24257
18256,46170,856,25086,828,45314,24258
18271,46166,847,25076,818,45319,24258
18288,46163,842,25082,817,45321,24265
18305,46173,848,25087,817,45325,24270
18321,46182,851,25091,825,45331,24266
18338,46194,866,25102,828,45328,24274
18355,46194,860,25101,823,45334,24278
18371,46185,847,25106,822,45338,24284
18388,46186,846,25106,812,45340,24294
18405,46193,847,25106,821,45346,24285
18421,46199,852,25115,818,45347,24297
18438,46218,863,25128,834,45355,24294
18455,46209,853,25116,826,45356,24290
18471,46207,852,25121,824,45355,24297
18488,46210,845,25123,816,45365,24307
18505,46208,843,25127,813,45365,24314
18521,46221,848,25128,819,45373,24309
18538,46224,858,25146,827,45366,24319
18555,46226,857,25142,825,45369,24317
18571,46226,848,25146,822,45378,24324
18588,46218,842,25136,820,45376,24316
18605,46218,846,25139,817,45372,24322
18621,46210,853,25131,819,45357,24312
18638,46198,859,25121,827,45339,24294
18655,46192,855,25101,827,45337,24274
18671,46171,850,25074,819,45321,24255
18688,46159,845,25061,816,45314,24245
18705,46153,849,25067,818,45304,24249
18721,46155,852,25073,820,45303,24253
18738,46170,858,25090,830,45312,24260
18755,46169,854,25081,825,45315,24256
18771,46164,850,25079,821,45314,24258
18788,46160,844,25076,813,45316,24263
18805,46163,844,25082,815,45319,24267
18821,46180,849,25093,813,45331,24280
18838,46184,857,25111,827,45327,24284
18855,46191,854,25107,825,45337,24282
18871,46185,853,25096,819,45332,24277
18888,46181,842,25101,813,45339,24288
18905,46175,843,25088,816,45332,24272
18921,46182,848,25093,819,45334,24274
18938,46187,858,25105,825,45329,24280
18955,46191,855,25103,825,45336,24278
18971,46178,850,25107,824,45328,24283
18988,46178,843,25090,816,45335,24274
19005,46186,845,25091,813,45341,24278
19021,46195,851,25104,817,45344,24287
19038,46200,856,25123,820,45344,24303
19055,46203,851,25125,822,45352,24303
19071,46200,844,25117,822,45356,24295
19088,46203,840,25102,814,45363,24288
19105,46196,842,25111,810,45354,24301
19121,46213,848,25128,816,45365,24312
19138,46218,856,25136,826,45362,24310
19155,46224,857,25147,824,45367,24323
19171,46223,849,25137,821,45374,24316
19188,46217,844,25129,815,45373,24314
19205,46219,844,25129,811,45375,24318
19222,46225,852,25147,823,45373,24324
19238,46232,858,25156,830,45374,24326
19255,46241,859,25160,830,45382,24330
19272,46232,853,25154,819,45379,24335
19287,46230,849,25151,816,45381,24335
19304,46234,849,25150,818,45385,24332
19321,46246,851,25163,822,45395,24341
19337,46250,859,25169,829,45391,24340
19354,46252,857,25169,829,45395,24340
19371,46251,846,25164,822,45405,24342
19387,46244,841,25163,811,45403,24352
19404,46244,844,25167,817,45400,24350
19421,46248,852,25163,822,45396,24341
19437,46240,857,25155,833,45383,24322
19454,46219,856,25135,824,45363,24311
19471,46198,852,25108,822,45346,24286
19487,46179,845,25090,818,45334,24272
19504,46167,843,25076,815,45324,24261
19521,46175,848,25087,823,45327,24264
19537,46180,856,25084,825,45324,24259
19554,46178,856,25088,824,45322,24264
19571,46176,850,25082,816,45326,24266
19587,46172,843,25071,816,45329,24255
19604,46169,849,25080,816,45320,24264
19621,46185,851,25094,824,45334,24270
19637,46196,863,25103,827,45333,24276
19654,46204,858,25109,828,45346,24281
19671,46193,853,25100,824,45340,24276
19687,46188,846,25095,819,45342,24276
19704,46194,850,25097,819,45344,24278
19721,46196,851,25104,823,45345,24281
19737,46209,859,25110,827,45350,24283
19754,46203,857,25105,827,45346,24278
19771,46191,852,25109,822,45339,24287
19787,46188,841,25093,818,45347,24275
19804,46198,850,25092,819,45348,24273
19821,46201,854,25099,825,45347,24274
19837,46212,862,25116,829,45350,24287
19854,46211,856,25107,826,45355,24281
19871,46210,854,25117,820,45356,24297
19887,46205,846,25114,820,45359,24294
19904,46205,851,25116,815,45354,24301
19921,46220,849,25119,825,45371,24294
19937,46231,862,25133,829,45369,24304
19954,46233,860,25143,824,45373,24319
19971,46228,854,25138,819,45374,24319
19987,46222,845,25129,814,45377,24315
20004,46219,843,25133,813,45376,24320
20021,46233,852,25136,821,45381,24315
20037,46251,862,25152,830,45389,24322
20054,46248,853,25157,826,45395,24331
20071,46238,854,25153,817,45384,24336
20087,46233,847,25146,816,45386,24330
20104,46246,845,25152,817,45401,24335
20121,46254,855,25153,822,45399,24331
20137,46256,863,25162,832,45393,24330
20154,46260,861,25166,830,45399,24336
20171,46263,856,25170,827,45407,24343
20187,46250,849,25162,817,45401,24345
20204,46260,846,25166,817,45414,24349
20221,46260,850,25166,822,45410,24344
20237,46260,862,25164,832,45398,24332
20254,46240,859,25142,833,45381,24309
20271,46216,853,25119,823,45363,24296
20288,46191,842,25096,814,45349,24282
20303,46187,849,25083,813,45338,24270
20320,46177,855,25083,827,45322,24256
20337,46184,861,25083,834,45323,24249
20353,46172,857,25077,833,45315,24244
20370,46172,847,25063,819,45325,24244
20387,46163,847,25056,819,45316,24237
20403,46174,848,25063,818,45326,24245
20420,46180,856,25085,828,45324,24257
20437,46194,862,25097,832,45332,24265
20453,46184,857,25087,828,45327,24259
20470,46185,846,25084,821,45339,24263
20487,46179,846,25073,817,45333,24256
20503,46179,847,25078,816,45332,24262
20520,46189,856,25089,825,45333,24264
20537,46197,864,25101,837,45333,24264
20553,46192,858,25086,831,45334,24255
20570,46188,851,25083,824,45337,24259
20587,46179,848,25082,818,45331,24264
20603,46184,850,25076,817,45334,24259
20620,46199,861,25090,822,45338,24268
20637,46204,860,25100,830,45344,24270
20653,46205,858,25101,826,45347,24275
20670,46202,846,25099,824,45356,24275
20687,46194,843,25087,816,45351,24271
20703,46210,848,25094,818,45362,24276
20720,46214,857,25113,823,45357,24290
20737,46221,860,25121,828,45361,24293
20753,46225,862,25128,829,45363,24299
20770,46222,852,25130,826,45370,24304
20787,46219,849,25122,818,45370,24304
20803,46229,852,25133,823,45377,24310
20820,46234,857,25136,829,45377,24307
20837,46249,866,25150,834,45383,24316
20853,46242,862,25143,831,45380,24312
20870,46246,859,25145,825,45387,24320
20887,46235,846,25136,818,45389,24318
20903,46243,852,25148,818,45391,24330
20920,46253,855,25151,827,45398,24324
20937,46259,865,25168,831,45394,24337
20953,46255,859,25165,830,45396,24335
20970,46260,856,25164,827,45404,24337
20987,46252,847,25167,815,45405,24352
21003,46260,854,25172,822,45406,24350
21020,46267,850,25185,823,45417,24362
21037,46271,861,25180,831,45410,24349
21053,46264,858,25170,822,45406,24348
21070,46241,854,25154,828,45387,24326
21087,46218,844,25120,814,45374,24306
21103,46210,854,25103,820,45356,24283
21120,46204,853,25108,828,45351,24280
21137,46202,857,25110,830,45345,24280
21153,46194,854,25096,829,45340,24267
21170,46193,855,25084,823,45338,24261
21187,46185,847,25087,816,45338,24271
21203,46189,848,25092,815,45341,24277
21220,46199,850,25101,824,45349,24277
21237,46208,856,25111,833,45352,24278
21253,46199,856,25110,832,45343,24278
21270,46204,853,25104,822,45351,24282
21287,46198,844,25100,815,45354,24285
21304,46208,850,25103,815,45358,24288
21319,46215,854,25125,822,45361,24303
21336,46216,861,25130,828,45355,24302
21353,46220,858,25115,822,45362,24293
21369,46206,846,25110,821,45360,24289
21386,46206,848,25098,816,45358,24282
21403,46205,851,25110,822,45354,24288
21419,46216,854,25107,826,45362,24281
21436,46225,859,25125,829,45366,24296
21453,46225,858,25129,823,45367,24306
21469,46216,848,25125,824,45368,24301
21486,46211,842,25114,816,45369,24298
21503,46217,851,25129,820,45366,24309
21519,46236,857,25141,821,45379,24320
21536,46243,863,25158,829,45380,24329
21553,46242,859,25154,829,45383,24325
21569,46239,851,25146,820,45388,24326
21586,46233,844,25145,813,45389,24332
21603,46246,851,25153,818,45395,24335
21619,46262,855,25170,828,45407,24342
21636,46263,854,25180,831,45409,24349
21653,46267,858,25177,827,45409,24350
21669,46253,851,25176,825,45402,24351
21686,46258,844,25169,816,45414,24353
21703,46266,849,25180,821,45417,24359
21719,46277,855,25192,826,45422,24366
21736,46280,863,25200,835,45417,24365
21753,46283,861,25202,823,45422,24379
21769,46275,851,25198,823,45424,24375
21786,46276,848,25190,816,45428,24374
21803,46280,848,25193,823,45432,24370
21819,46288,856,25204,822,45432,24382
21836,46296,858,25216,829,45438,24387
21853,46298,859,25221,827,45439,24394
21869,46290,849,25207,819,45441,24388
21886,46278,846,25197,813,45432,24384
21903,46267,849,25182,816,45418,24366
21919,46255,852,25170,819,45403,24351
21936,46246,856,25160,827,45390,24333
21953,46232,859,25144,825,45373,24319
21969,46217,849,25133,820,45368,24313
21986,46216,841,25123,812,45375,24311
22003,46220,846,25126,820,45374,24306
22019,46234,855,25152,820,45379,24332
22036,46238,854,25147,826,45384,24321
22053,46239,858,25152,822,45381,24330
22069,46236,849,25150,821,45387,24329
22086,46237,847,25145,815,45390,24330
22103,46241,850,25151,816,45391,24335
22119,46255,853,25163,827,45402,24336
22136,46258,854,25179,832,45404,24347
22153,46260,860,25167,826,45400,24341
22169,46250,852,25161,828,45398,24333
22186,46241,839,25146,811,45402,24335
22203,46246,841,25148,817,45405,24331
22219,46248,856,25151,822,45392,24329
22236,46256,856,25176,832,45400,24344
22253,46254,856,25171,828,45398,24343
22270,46245,845,25157,818,45400,24339
22286,46242,843,25158,815,45399,24343
22303,46248,849,25156,813,45399,24343
22320,46255,848,25170,822,45407,24348
22335,46270,855,25174,828,45415,24346
22352,46267,853,25182,827,45414,24355
22369,46262,846,25169,820,45416,24349
22385,46258,841,25170,810,45417,24360
22402,46268,852,25181,815,45416,24366
22419,46282,855,25195,832,45427,24363
22435,46289,862,25203,831,45427,24372
22452,46292,852,25198,827,45440,24371
22469,46282,848,25201,819,45434,24382
22485,46284,845,25188,815,45439,24373
22502,46293,850,25198,820,45443,24378
22519,46294,856,25207,833,45438,24374
22535,46308,861,25218,832,45447,24386
22552,46311,855,25216,828,45456,24388
22569,46298,849,25206,819,45449,24387
22585,46290,848,25210,811,45442,24399
22602,46303,855,25219,818,45448,24401
22619,46308,855,25222,832,45453,24390
22635,46317,866,25238,828,45451,24410
22652,46310,857,25229,827,45453,24402
22669,46306,852,25221,818,45454,24403
22685,46292,846,25209,816,45446,24393
22702,46280,847,25195,820,45433,24375
22719,46268,859,25172,830,45409,24342
22735,46261,866,25161,837,45395,24324
22752,46245,856,25149,824,45389,24325
22769,46227,853,25128,820,45374,24308
22785,46219,840,25122,814,45379,24308
22802,46217,849,25114,817,45368,24297
22819,46221,855,25123,830,45366,24293
22835,46228,866,25138,827,45362,24311
22852,46221,859,25125,825,45362,24300
22869,46220,850,25129,822,45370,24307
22885,46215,847,25116,814,45368,24302
22902,46232,847,25123,821,45385,24302
22919,46232,851,25135,827,45381,24308
22935,46238,863,25139,829,45375,24310
22952,46238,856,25132,824,45382,24308
22969,46234,854,25129,820,45380,24309
22985,46227,848,25124,816,45379,24308
23002,46228,847,25126,820,45381,24306
23019,46232,856,25127,829,45376,24298
23035,46238,860,25136,828,45378,24308
23052,46236,859,25136,824,45377,24312
23069,46231,851,25133,818,45380,24315
23085,46227,846,25122,816,45381,24306
23102,46232,845,25135,821,45387,24314
23119,46245,856,25142,830,45389,24312
23135,46254,859,25154,834,45395,24320
23152,46253,858,25139,829,45395,24310
23169,46251,846,25147,823,45405,24324
23185,46247,846,25143,815,45401,24328
23202,46255,849,25162,820,45406,24342
23219,46269,854,25162,830,45415,24332
23235,46276,863,25173,833,45413,24340
23252,46274,865,25164,827,45409,24337
23269,46265,851,25159,821,45414,24338
23286,46258,839,25155,813,45419,24342
23302,46273,849,25167,820,45424,24347
23319,46278,855,25169,826,45423,24343
23336,46282,862,25187,829,45420,24358
23351,46281,851,25178,822,45430,24356
23368,46279,846,25163,819,45433,24344
23385,46276,848,25175,818,45428,24357
23401,46284,854,25179,819,45430,24360
23418,46299,861,25191,828,45438,24363
23435,46303,864,25209,831,45439,24378
23451,46298,856,25197,827,45442,24370
23468,46289,848,25181,822,45441,24359
23485,46270,844,25165,817,45426,24348
23501,46261,850,25152,819,45411,24333
23518,46249,861,25142,834,45388,24308
23535,46238,864,25136,830,45374,24306
23551,46216,856,25108,829,45360,24279
23568,46205,853,25081,822,45352,24259
23585,46190,846,25069,809,45344,24260
23601,46187,850,25069,813,45337,24256
23618,46200,854,25089,829,45346,24260
23635,46201,861,25083,828,45340,24255
23651,46194,853,25077,825,45341,24252
23668,46193,852,25075,820,45341,24255
23685,46186,849,25062,818,45337,24244
23701,46196,856,25080,820,45340,24260
23718,46202,857,25081,828,45345,24253
23735,46213,866,25094,835,45347,24259
23751,46203,859,25086,823,45344,24263
23768,46206,852,25079,818,45354,24261
23785,46188,849,25077,816,45339,24261
23801,46199,851,25071,820,45348,24251
23818,46199,853,25084,828,45346,24256
23835,46207,861,25086,834,45346,24252
23851,46200,849,25084,828,45351,24256
23868,46198,853,25071,814,45345,24257
23885,46192,846,25075,816,45346,24259
23901,46203,849,25081,817,45354,24264
23918,46216,853,25096,831,45363,24265
23935,46219,864,25100,831,45355,24269
23951,46216,856,25105,825,45360,24280
23968,46219,853,25095,823,45366,24272
23985,46212,842,25089,820,45370,24269
24001,46219,845,25101,816,45374,24285
24018,46238,856,25117,828,45382,24289
24035,46240,854,25124,828,45386,24296
24051,46235,854,25124,820,45381,24304
24068,46237,855,25110,820,45382,24290
24085,46231,843,25109,813,45388,24296
24101,46240,856,25120,818,45384,24302
24118,46247,853,25132,825,45394,24307
24135,46261,864,25137,830,45397,24307
24151,46252,854,25137,829,45398,24308
24168,46249,851,25129,819,45398,24310
24185,46246,845,25133,818,45401,24315
24201,46258,852,25142,821,45406,24321
24218,46265,854,25153,824,45411,24329
24235,46275,862,25157,831,45413,24326
24251,46268,852,25155,825,45416,24330
24268,46258,853,25136,821,45405,24315
24285,46237,847,25123,819,45390,24304
24301,46235,856,25114,818,45379,24296
24318,46212,856,25101,828,45356,24273
24335,46212,860,25088,833,45352,24255
24352,46192,862,25068,827,45330,24241
24367,46187,853,25051,818,45334,24233
24384,46165,850,25043,818,45315,24225
24401,46170,850,25056,824,45320,24232
24417,46189,864,25057,826,45325,24231
24434,46183,858,25060,826,45325,24234
24451,46179,855,25062,821,45324,24241
24467,46177,851,25051,821,45326,24230
24484,46174,845,25051,815,45329,24236
24501,46187,851,25061,820,45336,24241
24517,46202,863,25073,823,45339,24250
24534,46198,860,25077,832,45338,24245
24551,46186,855,25075,825,45331,24250
24567,46189,846,25060,822,45343,24238
24584,46183,841,25067,818,45342,24249
24601,46183,847,25063,822,45336,24241
24617,46199,862,25067,822,45337,24245
24634,46198,857,25079,833,45341,24246
24651,46196,853,25078,820,45343,24258
24667,46192,852,25068,819,45340,24249
24684,46189,840,25076,813,45349,24263
24701,46197,846,25081,817,45351,24264
24717,46217,862,25097,822,45355,24275
24734,46212,856,25099,826,45356,24273
24751,46212,858,25098,827,45354,24271
24767,46214,853,25090,815,45361,24275
24784,46204,842,25099,811,45362,24288
24801,46217,850,25102,821,45367,24281
24817,46235,869,25115,824,45366,24291
24834,46238,862,25130,827,45376,24303
24851,46233,853,25124,819,45380,24305
24867,46240,854,25124,821,45386,24303
24884,46230,842,25121,813,45388,24308
24901,46236,854,25131,822,45382,24309
24917,46251,865,25135,829,45386,24306
24934,46260,861,25147,829,45399,24318
24951,46245,853,25145,823,45392,24322
24967,46248,852,25137,821,45396,24316
24984,46244,843,25139,811,45401,24328
25001,46255,848,25140,822,45407,24318
25017,46268,864,25159,825,45404,24334
25034,46274,861,25162,829,45413,24333
25051,46269,854,25170,820,45415,24350
25067,46264,851,25159,821,45413,24338
25084,46260,844,25157,810,45416,24347
25101,46266,848,25158,828,45418,24330
25117,46265,867,25149,826,45398,24323
25134,46242,861,25135,832,45381,24303
25151,46215,854,25111,829,45361,24282
25167,46202,858,25095,816,45344,24279
25184,46193,841,25081,817,45352,24264
25201,46196,855,25077,823,45341,24254
25217,46201,867,25091,828,45334,24263
25234,46203,863,25096,828,45340,24268
25251,46201,853,25092,823,45348,24269
25267,46200,856,25079,819,45344,24260
25284,46195,844,25090,816,45351,24274
25301,46204,850,25099,817,45354,24282
25317,46214,867,25110,821,45347,24289
25334,46221,861,25117,828,45360,24289
25351,46225,854,25111,830,45371,24281
25368,46217,856,25101,819,45361,24282
25383,46213,845,25104,814,45368,24290
25400,46224,848,25106,816,45376,24290
25417,46225,870,25112,833,45355,24279
25433,46219,858,25115,830,45361,24285
25450,46218,856,25103,826,45362,24277
25467,46212,856,25110,816,45356,24294
25483,46213,843,25100,812,45370,24288
25500,46218,848,25115,817,45370,24298
25517,46224,866,25121,826,45358,24295
25533,46236,859,25128,824,45377,24304
25550,46230,851,25118,822,45379,24296
25567,46230,854,25123,813,45376,24310
25583,46235,847,25124,813,45388,24311
25600,46245,849,25132,818,45396,24314
25617,46255,867,25147,825,45388,24322
25633,46258,862,25148,828,45396,24320
25650,46255,848,25141,823,45407,24318
25667,46246,858,25151,822,45388,24329
25683,46250,843,25142,817,45407,24325
25700,46263,854,25146,821,45409,24325
25717,46274,864,25165,830,45410,24335
25733,46267,860,25172,830,45407,24342
25750,46267,851,25157,824,45416,24333
25767,46260,857,25163,813,45403,24350
25783,46267,845,25157,811,45422,24346
25800,46274,851,25178,823,45423,24355
25817,46289,868,25182,830,45421,24352
25833,46284,864,25187,830,45420,24357
25850,46287,856,25181,826,45431,24355
25867,46287,854,25187,819,45433,24368
25883,46282,847,25174,815,45435,24359
25900,46277,847,25175,822,45430,24353
25917,46275,864,25171,831,45411,24340
25933,46257,860,25142,829,45397,24313
25950,46228,855,25114,822,45373,24292
25967,46211,854,25097,813,45357,24284
25983,46197,843,25074,808,45354,24266
26000,46194,842,25082,820,45352,24262
26017,46198,862,25091,824,45336,24267
26033,46204,859,25084,832,45345,24252
26050,46191,852,25082,820,45339,24262
26067,46187,853,25080,824,45334,24256
26083,46194,843,25068,813,45351,24255
26100,46198,848,25080,819,45350,24261
26117,46206,867,25094,822,45339,24272
26133,46218,862,25094,830,45356,24264
26150,46210,851,25092,825,45359,24267
26167,46196,852,25097,818,45344,24279
26183,46200,847,25083,814,45353,24269
26200,46201,851,25086,819,45350,24267
26217,46210,867,25097,826,45343,24271
26233,46212,859,25097,831,45353,24266
26250,46207,855,25084,825,45352,24259
26267,46196,853,25087,818,45343,24269
26283,46196,844,25080,822,45352,24258
26300,46203,854,25095,816,45349,24279
26317,46224,866,25104,830,45358,24274
26334,46223,862,25107,833,45361,24274
26350,46220,854,25093,819,45366,24274
26367,46209,853,25101,821,45356,24280
26384,46216,848,25094,818,45368,24276
26399,46233,856,25109,825,45377,24284
26416,46239,865,25133,828,45374,24305
26433,46241,862,25124,831,45379,24293
26449,46239,856,25116,824,45383,24292
26466,46233,853,25112,823,45380,24289
26483,46239,846,25114,823,45393,24291
26499,46253,855,25120,818,45398,24302
26516,46258,866,25144,830,45392,24314
26533,46258,864,25142,828,45394,24314
26549,46251,857,25132,822,45394,24310
26566,46251,854,25121,813,45397,24308
26583,46252,850,25124,821,45402,24303
26599,46267,860,25141,823,45407,24318
26616,46270,860,25159,834,45410,24325
26633,46271,859,25165,830,45412,24335
26649,46264,858,25145,824,45406,24321
26666,46263,847,25141,816,45416,24325
26683,46273,846,25146,818,45427,24328
26699,46278,857,25154,822,45421,24332
26716,46267,862,25156,832,45405,24324
26733,46246,859,25123,830,45387,24293
26749,46217,854,25091,827,45363,24264
26766,46192,849,25067,818,45343,24249
26783,46188,853,25053,823,45335,24230
26799,46182,856,25041,823,45326,24218
26816,46182,865,25051,833,45317,24218
26833,46172,869,25044,826,45303,24218
26849,46168,853,25034,823,45315,24211
26866,46162,847,25023,815,45315,24208
26883,46167,847,25028,818,45320,24210
26899,46175,858,25038,825,45317,24213
26916,46185,858,25055,834,45327,24221
26933,46184,859,25053,831,45325,24222
26949,46176,857,25045,826,45319,24219
26966,46177,852,25040,820,45325,24220
26983,46176,844,25040,817,45332,24223
26999,46183,853,25045,822,45330,24223
27016,46187,856,25054,832,45331,24222
27033,46186,859,25056,834,45327,24222
27049,46179,856,25044,819,45323,24225
27066,46173,849,25031,822,45324,24209
27083,46175,849,25039,823,45326,24216
27099,46177,858,25048,827,45319,24221
27116,46193,859,25058,828,45334,24230
27133,46195,861,25073,837,45334,24236
27149,46198,859,25061,826,45339,24235
27166,46186,849,25052,815,45337,24237
27183,46199,848,25061,814,45351,24247
27199,46202,857,25067,821,45345,24246
27216,46222,864,25090,834,45358,24256
27233,46214,861,25095,835,45353,24260
27249,46214,853,25076,825,45361,24251
27266,46216,846,25072,818,45370,24254
27283,46214,848,25081,813,45366,24268
27299,46226,857,25098,822,45369,24276
27316,46232,865,25101,833,45367,24268
27333,46235,864,25105,834,45371,24271
27349,46235,851,25091,823,45384,24268
27366,46233,847,25097,819,45386,24278
27383,46233,849,25104,819,45384,24285
27400,46241,854,25116,824,45387,24292
27415,46252,866,25127,834,45386,24293
27432,46251,865,25123,832,45386,24291
27449,46251,854,25128,821,45397,24307
27465,46246,848,25121,812,45398,24309
27482,46249,847,25130,819,45402,24311
27499,46263,856,25134,825,45407,24309
27515,46268,863,25144,832,45405,24312
27532,46262,862,25131,828,45400,24303
27549,46233,855,25102,821,45378,24281
27565,46204,845,25071,816,45359,24255
27582,46189,849,25059,817,45340,24242
27599,46187,856,25058,823,45331,24235
27615,46191,866,25051,834,45325,24217
27632,46177,860,25038,829,45317,24209
27649,46170,852,25037,818,45318,24219
27665,46156,845,25028,817,45311,24211
27682,46167,850,25035,823,45317,24212
27699,46175,858,25037,829,45317,24208
27715,46179,867,25057,832,45312,24225
27732,46190,860,25051,830,45330,24221
27749,46184,851,25055,820,45333,24235
27765,46174,843,25042,813,45331,24229
27782,46184,847,25052,819,45337,24233
27799,46195,854,25063,834,45341,24229
27815,46201,866,25071,830,45335,24241
27832,46193,862,25063,829,45331,24234
27849,46186,848,25061,820,45338,24241
27865,46182,844,25057,816,45338,24241
27882,46186,845,25054,819,45341,24235
27899,46197,857,25069,823,45340,24246
27915,46196,862,25075,830,45334,24245
27932,46202,857,25072,828,45345,24244
27949,46196,851,25069,828,45345,24241
27965,46201,846,25076,815,45355,24261
27982,46208,846,25085,820,45362,24265
27999,46213,853,25083,824,45360,24259
28015,46227,867,25104,830,45360,24274
28032,46229,858,25101,828,45371,24273
28049,46223,852,25100,820,45371,24280
28065,46221,847,25093,814,45374,24279
28082,46225,848,25108,821,45377,24287
28099,46240,856,25115,822,45384,24293
28115,46248,860,25129,823,45388,24306
28132,46246,857,25126,824,45389,24302
28149,46241,851,25127,821,45390,24306
28165,46239,845,25111,816,45394,24295
28182,46242,848,25122,817,45394,24305
28199,46255,855,25137,822,45400,24315
28215,46261,867,25149,830,45394,24319
28232,46267,861,25147,826,45406,24321
28249,46257,851,25142,826,45406,24316
28265,46249,850,25136,814,45399,24322
28282,46260,846,25140,819,45414,24321
28299,46277,855,25161,816,45422,24345
28315,46281,861,25169,829,45420,24340
28332,46284,863,25164,827,45421,24337
28349,46271,852,25156,821,45419,24335
28365,46257,844,25133,813,45413,24320
28382,46238,844,25130,819,45394,24311
28399,46233,856,25111,824,45377,24287
28416,46228,859,25104,832,45369,24272
28431,46215,860,25093,826,45355,24267
28448,46201,854,25078,818,45347,24260
28465,46195,844,25061,813,45351,24248
28481,46194,850,25072,817,45344,24255
28498,46206,864,25084,822,45342,24262
28515,46216,861,25093,828,45355,24265
28531,46210,858,25096,827,45352,24269
28548,46210,852,25088,819,45358,24269
28565,46211,847,25084,816,45364,24268
28581,46219,845,25094,818,45374,24276
28598,46228,855,25110,826,45373,24284
28615,46235,864,25108,830,45371,24278
28631,46228,855,25109,826,45373,24283
28648,46225,852,25092,814,45373,24278
28665,46216,844,25087,817,45372,24270
28681,46221,848,25092,818,45373,24274
28698,46222,849,25100,825,45373,24275
28715,46229,861,25110,827,45368,24283
28731,46226,853,25113,828,45373,24285
28748,46225,856,25096,821,45369,24275
28765,46219,845,25096,815,45374,24281
28781,46233,851,25104,819,45382,24285
28798,46244,859,25122,828,45385,24294
28815,46251,862,25132,830,45389,24302
28831,46248,857,25126,826,45391,24300
28848,46244,850,25120,816,45394,24304
28865,46239,846,25113,812,45393,24301
28881,46254,852,25121,817,45402,24304
28898,46256,855,25136,827,45401,24309
28915,46271,862,25146,834,45409,24312
28931,46273,856,25140,824,45417,24316
28948,46259,855,25129,821,45404,24308
28965,46259,844,25134,816,45415,24318
28981,46266,853,25145,820,45413,24325
28998,46278,855,25166,835,45423,24331
29015,46286,862,25164,832,45424,24332
29031,46288,856,25153,828,45432,24325
29048,46277,852,25152,821,45425,24331
29065,46277,847,25152,813,45430,24339
29081,46276,853,25160,819,45423,24341
29098,46286,854,25170,828,45432,24342
29115,46293,863,25169,831,45430,24338
29131,46298,856,25173,828,45442,24345
29148,46283,850,25156,820,45433,24336
29165,46271,845,25146,812,45426,24334
29181,46256,855,25129,819,45401,24310
29198,46243,859,25113,828,45384,24285
29215,46236,866,25095,831,45370,24264
29231,46214,853,25077,828,45361,24249
29248,46199,856,25055,821,45343,24234
29265,46179,848,25043,816,45331,24227
29281,46179,849,25047,817,45330,24230
29298,46192,858,25062,829,45334,24233
29315,46197,861,25062,828,45336,24234
29331,46196,855,25050,828,45341,24222
29348,46192,860,25047,825,45332,24222
29365,46182,851,25051,824,45331,24227
29382,46194,860,25051,822,45334,24229
29398,46203,855,25070,829,45348,24241
29415,46210,865,25078,831,45345,24247
29432,46204,860,25060,830,45344,24230
29447,46195,846,25056,821,45349,24235
29464,46193,846,25057,816,45347,24241
29481,46198,852,25057,828,45346,24229
29497,46218,865,25072,828,45353,24244
29514,46214,863,25072,834,45351,24238
29531,46202,857,25064,826,45345,24238
29547,46196,847,25059,821,45349,24238
29564,46197,845,25056,820,45352,24236
29581,46208,852,25064,825,45356,24239
29597,46225,860,25085,832,45365,24253
29614,46224,862,25081,833,45362,24248
29631,46220,854,25081,830,45366,24251
29647,46223,852,25067,821,45371,24246
29664,46219,843,25074,815,45376,24259
29681,46226,852,25076,822,45374,24254
29697,46245,863,25105,825,45382,24280
29714,46244,864,25100,835,45380,24265
29731,46239,859,25101,836,45380,24265
29747,46242,853,25099,824,45389,24275
29764,46239,846,25091,822,45393,24269
29781,46243,857,25103,825,45386,24278
29797,46265,858,25120,845,45407,24275
29814,46262,868,25116,835,45394,24281
29831,46262,860,25111,833,45402,24278
29847,46255,851,25110,825,45404,24285
29864,46251,848,25102,821,45403,24281
29881,46259,854,25112,819,45405,24293
29897,46270,865,25129,831,45405,24298
29914,46282,871,25132,836,45411,24296
29931,46268,856,25130,829,45412,24301
29947,46257,846,25102,820,45411,24282
29964,46227,845,25089,822,45382,24267
29981,46217,852,25063,824,45365,24239
29997,46207,862,25051,831,45345,24220
