Tiempo (ms),IR,AMB_IR,RED,AMB_RED,IR_net,RED_net
5014,54577,18213,31459,18170,36364,13289
5031,53881,17530,30713,17543,36351,13170
5048,53312,16930,29964,16965,36382,12999
5063,52834,16412,29507,16436,36422,13071
5080,52360,15908,28902,15864,36452,13038
5097,51858,15411,28393,15378,36447,13015
5113,51327,14808,27810,14823,36519,12987
5130,51528,14766,28265,14758,36762,13507
5147,51651,14778,28554,14754,36873,13800
5163,51695,14765,28602,14754,36930,13848
5180,51847,14821,28902,14802,37026,14100
5197,52017,14854,29164,14850,37163,14314
5213,52064,14859,29266,14840,37205,14426
5230,52088,14846,29337,14827,37242,14510
5247,52118,14839,29363,14821,37279,14542
5263,52113,14810,29310,14806,37303,14504
5280,52110,14800,29212,14777,37310,14435
5297,52107,14784,29171,14772,37323,14399
5313,52115,14774,29169,14760,37341,14409
5330,52150,14773,29207,14759,37377,14448
5347,52188,14795,29256,14766,37393,14490
5363,52191,14812,29250,14804,37379,14446
5380,52090,14831,29105,14816,37259,14289
5397,51855,14823,28833,14825,37032,14008
5413,51667,14819,28622,14801,36848,13821
5430,51522,14810,28460,14794,36712,13666
5447,51439,14826,28386,14798,36613,13588
5463,51451,14833,28411,14816,36618,13595
5480,51499,14845,28481,14835,36654,13646
5497,51576,14848,28558,14836,36728,13722
5513,51619,14841,28660,14829,36778,13831
5530,51686,14841,28770,14831,36845,13939
5547,51784,14856,28877,14826,36928,14051
5563,51891,14872,29021,14853,37019,14168
5580,51985,14889,29132,14866,37096,14266
5597,52065,14887,29226,14882,37178,14344
5613,52113,14891,29301,14874,37222,14427
5630,52138,14883,29357,14880,37255,14477
5647,52190,14901,29413,14880,37289,14533
5663,52241,14920,29473,14907,37321,14566
5680,52289,14937,29530,14929,37352,14601
5697,52336,14942,29583,14932,37394,14651
5713,52369,14951,29633,14937,37418,14696
5730,52407,14958,29693,14950,37449,14743
5747,52465,14972,29766,14955,37493,14811
5763,52527,14988,29831,14976,37539,14855
5780,52589,15008,29914,14990,37581,14924
5797,52639,15016,29979,15003,37623,14976
5813,52660,15006,30027,14991,37654,15036
5830,52691,14998,30063,14986,37693,15077
5847,52740,15005,30125,14993,37735,15132
5863,52781,15015,30176,15000,37766,15176
5880,52833,15032,30235,15010,37801,15225
5897,52878,15038,30292,15017,37840,15275
5913,52891,15029,30338,15009,37862,15329
5930,52922,15028,30370,15007,37894,15363
5947,52955,15023,30408,15008,37932,15400
5963,53004,15033,30466,15019,37971,15447
5980,53041,15049,30508,15022,37992,15486
5997,53073,15049,30559,15032,38024,15527
6014,53094,15037,30582,15028,38057,15554
6030,53113,15034,30642,15022,38079,15620
6047,53152,15042,30684,15026,38110,15658
6064,53190,15053,30729,15041,38137,15688
6079,53226,15056,30770,15043,38170,15727
6096,53225,15055,30778,15042,38170,15736
6113,53167,15039,30692,15023,38128,15669
6129,53031,15021,30520,15001,38010,15519
6146,52857,15008,30268,14984,37849,15284
6163,52615,14999,29999,14982,37616,15017
6179,52463,14985,29812,14973,37478,14839
6196,52370,14971,29691,14959,37399,14732
6213,52340,14957,29649,14943,37383,14706
6229,52355,14954,29679,14933,37401,14746
6246,52418,14956,29760,14937,37462,14823
6263,52492,14967,29858,14950,37525,14908
6279,52575,14974,29963,14957,37601,15006
6296,52646,14970,30068,14963,37676,15105
6313,52717,14970,30144,14955,37747,15189
6329,52762,14969,30207,14953,37793,15254
6346,52809,14974,30273,14956,37835,15317
6363,52848,14989,30331,14970,37859,15361
6379,52888,14994,30365,14972,37894,15393
6396,52900,14988,30393,14980,37912,15413
6413,52915,14979,30405,14965,37936,15440
6429,52924,14970,30417,14956,37954,15461
6446,52944,14979,30448,14961,37965,15487
6463,52984,14994,30510,14970,37990,15540
6479,53006,14995,30537,14977,38011,15560
6496,53023,14996,30568,14982,38027,15586
6513,53062,14990,30599,14975,38072,15624
6529,53071,14981,30629,14964,38090,15665
6546,53104,14984,30655,14967,38120,15688
6563,53162,15004,30731,14989,38158,15742
6579,53190,15005,30781,14993,38185,15788
6596,53224,15008,30822,14995,38216,15827
6613,53253,15006,30843,14987,38247,15856
6629,53266,15000,30875,14983,38266,15892
6646,53295,15004,30905,14982,38291,15923
6663,53328,15015,30944,14995,38313,15949
6679,53367,15021,30986,15003,38346,15983
6696,53386,15018,31022,15006,38368,16016
6713,53416,15013,31033,15001,38403,16032
6729,53432,15005,31076,14989,38427,16087
6746,53453,15015,31099,14995,38438,16104
6763,53493,15019,31154,15007,38474,16147
6779,53530,15036,31197,15018,38494,16179
6796,53539,15035,31230,15018,38504,16212
6813,53558,15021,31225,15005,38537,16220
6829,53558,15018,31225,14997,38540,16228
6846,53513,15010,31160,14986,38503,16174
6863,53389,14994,31006,14986,38395,16020
6879,53225,14988,30770,14969,38237,15801
6896,52999,14972,30481,14954,38027,15527
6913,52807,14947,30272,14933,37860,15339
6929,52696,14939,30134,14917,37757,15217
6946,52671,14926,30084,14905,37745,15179
6963,52687,14936,30129,14919,37751,15210
6979,52748,14939,30179,14918,37809,15261
6996,52804,14938,30256,14925,37866,15331
7013,52862,14935,30337,14918,37927,15419
7029,52917,14925,30408,14912,37992,15496
7046,52983,14933,30489,14917,38050,15572
7063,53048,14942,30570,14929,38106,15641
7080,53094,14952,30626,14941,38142,15685
7095,53124,14954,30663,14938,38170,15725
7112,53135,14945,30682,14933,38190,15749
7129,53150,14942,30695,14921,38208,15774
7145,53170,14940,30728,14926,38230,15802
7162,53188,14947,30742,14927,38241,15815
7179,53199,14959,30762,14931,38240,15831
7195,53220,14948,30784,14926,38272,15858
7212,53228,14933,30803,14926,38295,15877
7229,53245,14930,30820,14920,38315,15900
7245,53273,14938,30854,14926,38335,15928
7262,53303,14949,30894,14932,38354,15962
7279,53360,14958,30941,14940,38402,16001
7295,53366,14962,30981,14938,38404,16043
7312,53388,14948,31003,14936,38440,16067
7329,53410,14939,31017,14933,38471,16084
7345,53438,14949,31054,14939,38489,16115
7362,53476,14964,31109,14950,38512,16159
7379,53512,14969,31141,14951,38543,16190
7395,53538,14974,31195,14948,38564,16247
7412,53554,14963,31195,14954,38591,16241
7429,53569,14959,31223,14945,38610,16278
7445,53596,14959,31257,14950,38637,16307
7462,53628,14975,31291,14956,38653,16335
7479,53659,14984,31339,14970,38675,16369
7495,53682,14987,31372,14959,38695,16413
7512,53701,14974,31378,14961,38727,16417
7529,53707,14967,31398,14956,38740,16442
7545,53726,14970,31415,14957,38756,16458
7562,53751,14982,31440,14961,38769,16479
7579,53702,14978,31368,14962,38724,16406
7595,53569,14958,31176,14939,38611,16237
7612,53360,14934,30898,14913,38426,15985
7629,53084,14905,30579,14886,38179,15693
7645,52883,14883,30287,14871,38000,15416
7662,52754,14884,30140,14862,37870,15278
7679,52673,14869,30067,14861,37804,15206
7695,52670,14878,30068,14847,37792,15221
7712,52690,14861,30094,14846,37829,15248
7729,52729,14857,30128,14843,37872,15285
7745,52782,14857,30196,14849,37925,15347
7762,52850,14870,30279,14848,37980,15431
7779,52918,14871,30364,14860,38047,15504
7795,52982,14877,30452,14854,38105,15598
7812,53015,14867,30498,14852,38148,15646
7829,53053,14865,30542,14846,38188,15696
7845,53079,14857,30563,14850,38222,15713
7862,53102,14867,30597,14846,38235,15751
7879,53121,14871,30620,14855,38250,15765
7895,53129,14877,30637,14857,38252,15780
7912,53134,14860,30635,14848,38274,15787
7929,53145,14857,30642,14837,38288,15805
7945,53167,14859,30664,14846,38308,15818
7962,53195,14870,30695,14852,38325,15843
7979,53227,14879,30734,14862,38348,15872
7995,53250,14878,30750,14859,38372,15891
8012,53258,14869,30752,14851,38389,15901
8029,53289,14871,30773,14860,38418,15913
8045,53312,14867,30799,14860,38445,15939
8062,53349,14877,30854,14860,38472,15994
8079,53391,14884,30911,14868,38507,16043
8096,53415,14892,30943,14867,38523,16076
8111,53430,14883,30953,14864,38547,16089
8128,53443,14873,30993,14859,38570,16134
8145,53477,14878,31024,14865,38599,16159
8161,53510,14888,31066,14879,38622,16187
8178,53539,14901,31093,14876,38638,16217
8195,53567,14891,31109,14879,38676,16230
8211,53572,14892,31135,14872,38680,16263
8228,53578,14886,31165,14868,38692,16297
8245,53614,14894,31195,14876,38720,16319
8261,53649,14903,31233,14888,38746,16345
8278,53672,14911,31261,14890,38761,16371
8295,53689,14904,31280,14891,38785,16389
8311,53649,14892,31224,14875,38757,16349
8328,53536,14878,31062,14858,38658,16204
8345,53296,14865,30789,14837,38431,15952
8361,53030,14843,30403,14823,38187,15580
8378,52796,14836,30104,14809,37960,15295
8395,52560,14802,29851,14792,37758,15059
8411,52423,14790,29689,14772,37633,14917
8428,52370,14771,29613,14762,37599,14851
8445,52362,14765,29627,14751,37597,14876
8461,52403,14778,29668,14758,37625,14910
8478,52448,14777,29720,14767,37671,14953
8495,52500,14784,29767,14761,37716,15006
8511,52543,14776,29836,14756,37767,15080
8528,52598,14768,29902,14748,37830,15154
8545,52659,14773,29986,14758,37886,15228
8561,52720,14788,30068,14771,37932,15297
8578,52761,14792,30113,14773,37969,15340
8595,52798,14793,30140,14781,38005,15359
8611,52801,14784,30153,14763,38017,15390
8628,52805,14777,30147,14759,38028,15388
8645,52818,14777,30164,14759,38041,15405
8661,52841,14792,30195,14777,38049,15418
8678,52876,14806,30237,14793,38070,15444
8695,52895,14796,30255,14781,38099,15474
8711,52910,14788,30298,14770,38122,15528
8728,52930,14790,30321,14770,38140,15551
8745,52973,14791,30359,14769,38182,15590
8761,53012,14799,30407,14790,38213,15617
8778,53047,14811,30451,14793,38236,15658
8795,53084,14815,30481,14792,38269,15689
8811,53098,14802,30513,14785,38296,15728
8828,53125,14803,30553,14791,38322,15762
8845,53157,14806,30590,14791,38351,15799
8861,53186,14816,30631,14798,38370,15833
8878,53217,14824,30665,14806,38393,15859
8895,53257,14834,30684,14811,38423,15873
8911,53266,14818,30719,14801,38448,15918
8928,53278,14816,30733,14798,38462,15935
8945,53289,14817,30770,14802,38472,15968
8961,53333,14830,30807,14813,38503,15994
8978,53364,14836,30847,14822,38528,16025
8995,53387,14840,30862,14821,38547,16041
9011,53400,14836,30882,14817,38564,16065
9028,53411,14823,30892,14809,38588,16083
9045,53403,14816,30883,14811,38587,16072
9062,53349,14828,30777,14808,38521,15969
9078,53192,14814,30557,14798,38378,15759
9095,52862,14785,30181,14775,38077,15406
9112,52573,14759,29791,14740,37814,15051
9127,52307,14732,29468,14716,37575,14752
9144,52122,14722,29250,14707,37400,14543
9161,52006,14720,29133,14704,37286,14429
9177,51970,14717,29071,14708,37253,14363
9194,51949,14705,29071,14696,37244,14375
9211,51965,14697,29087,14680,37268,14407
9227,51981,14694,29118,14672,37287,14446
9244,52033,14698,29160,14676,37335,14484
9261,52092,14702,29231,14687,37390,14544
9277,52153,14714,29269,14702,37439,14567
9294,52184,14715,29280,14708,37469,14572
9311,52220,14712,29295,14697,37508,14598
9327,52233,14715,29305,14699,37518,14606
9344,52243,14721,29266,14693,37522,14573
9361,52239,14721,29257,14706,37518,14551
9377,52238,14725,29238,14712,37513,14526
9394,52238,14719,29234,14711,37519,14523
9411,52236,14717,29208,14698,37519,14510
9427,52258,14714,29243,14692,37544,14551
9444,52294,14714,29275,14694,37580,14581
9461,52335,14721,29330,14707,37614,14623
9477,52372,14730,29378,14715,37642,14663
9494,52406,14728,29425,14723,37678,14702
9511,52441,14721,29442,14703,37720,14739
9527,52461,14705,29484,14683,37756,14801
9544,52519,14716,29531,14692,37803,14839
9561,52563,14723,29581,14706,37840,14875
9577,52606,14731,29631,14711,37875,14920
9594,52636,14728,29681,14719,37908,14962
9611,52676,14723,29702,14710,37953,14992
9627,52700,14721,29755,14702,37979,15053
9644,52747,14731,29807,14704,38016,15103
9661,52787,14738,29858,14723,38049,15135
9677,52819,14743,29890,14728,38076,15162
9694,52840,14739,29919,14731,38101,15188
9711,52876,14743,29937,14730,38133,15207
9727,52884,14737,29936,14719,38147,15217
9744,52924,14750,29974,14729,38174,15245
9761,52959,14761,30025,14738,38198,15287
9777,52987,14766,30043,14754,38221,15289
9794,52918,14760,29940,14749,38158,15191
9811,52659,14736,29629,14718,37923,14911
9827,52309,14701,29140,14684,37608,14456
9844,51952,14690,28699,14666,37262,14033
9861,51625,14672,28360,14661,36953,13699
9877,51444,14660,28122,14649,36784,13473
9894,51323,14654,27987,14641,36669,13346
9911,51270,14644,27926,14625,36626,13301
9927,51250,14625,27915,14615,36625,13300
9944,51266,14630,27919,14607,36636,13312
9961,51291,14631,27960,14623,36660,13337
9977,51343,14642,28024,14625,36701,13399
9994,51394,14649,28095,14631,36745,13464
10011,51465,14641,28161,14617,36824,13544
10027,51530,14630,28250,14623,36900,13627
10044,51580,14636,28302,14615,36944,13687
10061,51622,14641,28360,14633,36981,13727
10078,51655,14650,28382,14634,37005,13748
10094,51664,14649,28387,14639,37015,13748
10111,51654,14644,28378,14625,37010,13753
10128,51667,14636,28383,14622,37031,13761
10143,51678,14634,28398,14628,37044,13770
10160,51705,14649,28427,14632,37056,13795
10177,51752,14657,28479,14641,37095,13838
10193,51774,14650,28519,14633,37124,13886
10210,51811,14640,28558,14628,37171,13930
10227,51865,14637,28607,14620,37228,13987
10243,51915,14649,28669,14638,37266,14031
10260,51974,14658,28756,14642,37316,14114
10277,52037,14670,28823,14652,37367,14171
10293,52095,14674,28902,14657,37421,14245
10310,52134,14670,28948,14655,37464,14293
10327,52170,14679,28979,14649,37491,14330
10343,52229,14674,29047,14661,37555,14386
10360,52270,14683,29113,14669,37587,14444
10377,52310,14689,29164,14679,37621,14485
10393,52352,14698,29219,14673,37654,14546
10410,52382,14690,29251,14677,37692,14574
10427,52420,14689,29278,14669,37731,14609
10443,52444,14698,29310,14681,37746,14629
10460,52487,14703,29359,14690,37784,14669
10477,52528,14718,29399,14704,37810,14695
10493,52553,14719,29415,14699,37834,14716
10510,52579,14716,29427,14708,37863,14719
10527,52596,14718,29447,14699,37878,14748
10543,52546,14712,29341,14697,37834,14644
10560,52316,14708,29015,14685,37608,14330
10577,51900,14683,28555,14668,37217,13887
10593,51486,14660,28008,14638,36826,13370
10610,51171,14623,27641,14614,36548,13027
10627,50930,14603,27399,14592,36327,12807
10643,50839,14591,27261,14584,36248,12677
10660,50804,14592,27229,14576,36212,12653
10677,50820,14598,27262,14578,36222,12684
10693,50841,14594,27306,14574,36247,12732
10710,50867,14587,27334,14571,36280,12763
10727,50916,14578,27394,14567,36338,12827
10743,50993,14586,27480,14576,36407,12904
10760,51073,14601,27586,14585,36472,13001
10777,51160,14606,27673,14590,36554,13083
10793,51207,14609,27747,14583,36598,13164
10810,51234,14598,27773,14586,36636,13187
10827,51252,14592,27787,14578,36660,13209
10843,51259,14590,27791,14582,36669,13209
10860,51275,14601,27809,14585,36674,13224
10877,51275,14603,27823,14583,36672,13240
10893,51287,14602,27837,14589,36685,13248
10910,51312,14594,27840,14579,36718,13261
10927,51330,14593,27859,14570,36737,13289
10943,51370,14594,27920,14578,36776,13342
10960,51429,14600,27987,14582,36829,13405
10977,51483,14609,28045,14602,36874,13443
10993,51533,14620,28104,14605,36913,13499
11010,51589,14610,28160,14596,36979,13564
11027,51628,14604,28219,14593,37024,13626
11043,51685,14616,28294,14592,37069,13702
11060,51759,14624,28375,14608,37135,13767
11077,51811,14631,28442,14621,37180,13821
11094,51862,14643,28506,14628,37219,13878
11110,51907,14629,28550,14619,37278,13931
11127,51933,14635,28588,14620,37298,13968
11144,51965,14641,28604,14622,37324,13982
11159,52009,14654,28632,14638,37355,13994
11176,52056,14672,28672,14649,37384,14023
11193,52085,14670,28693,14648,37415,14045
11209,52122,14664,28751,14643,37458,14108
11226,52154,14656,28798,14637,37498,14161
11243,52195,14659,28864,14645,37536,14219
11259,52240,14679,28927,14665,37561,14262
11276,52285,14682,28975,14671,37603,14304
11293,52266,14681,28950,14663,37585,14287
11309,52094,14652,28705,14641,37442,14064
11326,51763,14632,28289,14607,37131,13682
11343,51328,14596,27821,14592,36732,13229
11359,50994,14587,27383,14578,36407,12805
11376,50767,14579,27135,14560,36188,12575
11393,50621,14562,26989,14543,36059,12446
11409,50559,14544,26937,14530,36015,12407
11426,50548,14529,26932,14521,36019,12411
11443,50583,14529,26970,14521,36054,12449
11459,50639,14544,27053,14532,36095,12521
11476,50701,14558,27129,14536,36143,12593
11493,50775,14557,27207,14539,36218,12668
11509,50841,14550,27295,14530,36291,12765
11526,50915,14548,27385,14532,36367,12853
11543,50986,14550,27472,14537,36436,12935
11559,51042,14563,27538,14547,36479,12991
11576,51076,14566,27569,14549,36510,13020
11593,51081,14569,27581,14544,36512,13037
11609,51070,14554,27564,14540,36516,13024
11626,51063,14544,27556,14534,36519,13022
11643,51074,14551,27568,14541,36523,13027
11659,51109,14558,27600,14551,36551,13049
11676,51150,14570,27641,14553,36580,13088
11693,51195,14578,27688,14555,36617,13133
11709,51230,14564,27743,14546,36666,13197
11726,51281,14569,27793,14550,36712,13243
11743,51342,14559,27866,14551,36783,13315
11759,51401,14579,27954,14562,36822,13392
11776,51453,14592,28024,14575,36861,13449
11793,51525,14602,28084,14576,36923,13508
11809,51557,14591,28146,14575,36966,13571
11826,51603,14586,28186,14571,37017,13615
11843,51649,14589,28247,14582,37060,13665
11859,51712,14605,28322,14587,37107,13735
11876,51771,14614,28382,14598,37157,13784
11893,51810,14626,28416,14602,37184,13814
11909,51834,14611,28472,14596,37223,13876
11926,51869,14609,28507,14595,37260,13912
11943,51902,14614,28552,14599,37288,13953
11959,51958,14631,28621,14614,37327,14007
11976,51996,14637,28665,14619,37359,14046
11993,52048,14650,28719,14632,37398,14087
12009,52072,14637,28762,14624,37435,14138
12026,52100,14631,28792,14621,37469,14171
12043,52051,14629,28727,14618,37422,14109
12059,51853,14624,28411,14606,37229,13805
12076,51424,14609,27921,14597,36815,13324
12093,50976,14588,27378,14567,36388,12811
12109,50619,14553,26922,14532,36066,12390
12126,50346,14527,26644,14511,35819,12133
12143,50224,14514,26488,14500,35710,11988
12160,50174,14515,26411,14499,35659,11912
12175,50165,14518,26395,14505,35647,11890
12192,50154,14505,26405,14497,35649,11908
12209,50177,14501,26417,14484,35676,11933
12225,50206,14495,26474,14479,35711,11995
12242,50265,14506,26547,14483,35759,12064
12259,50343,14507,26638,14495,35836,12143
12275,50422,14522,26741,14508,35900,12233
12292,50477,14514,26821,14503,35963,12318
12309,50548,14526,26910,14512,36022,12398
12325,50575,14515,26937,14495,36060,12442
12342,50603,14524,26977,14497,36079,12480
12359,50635,14530,27024,14517,36105,12507
12375,50649,14534,27024,14519,36115,12505
12392,50659,14529,27057,14521,36130,12536
12409,50687,14525,27084,14515,36162,12569
12425,50726,14527,27129,14505,36199,12624
12442,50773,14536,27207,14512,36237,12695
12459,50843,14544,27297,14529,36299,12768
12475,50921,14557,27395,14547,36364,12848
12492,50979,14562,27474,14556,36417,12918
12509,51044,14571,27531,14556,36473,12975
12525,51089,14576,27579,14559,36513,13020
12542,51150,14592,27650,14565,36558,13085
12559,51221,14597,27733,14579,36624,13154
12575,51289,14617,27823,14598,36672,13225
12592,51344,14618,27909,14611,36726,13298
12609,51399,14618,27975,14604,36781,13371
12625,51446,14619,28045,14601,36827,13444
12642,51497,14633,28116,14609,36864,13507
12659,51551,14636,28176,14623,36915,13553
12675,51598,14651,28241,14633,36947,13608
12692,51639,14646,28290,14641,36993,13649
12709,51672,14649,28332,14631,37023,13701
12725,51699,14646,28386,14630,37053,13756
12742,51748,14657,28429,14629,37091,13800
12759,51791,14657,28485,14644,37134,13841
12775,51831,14665,28531,14649,37166,13882
12792,51811,14658,28498,14649,37153,13849
12809,51613,14635,28246,14617,36978,13629
12825,51229,14606,27693,14592,36623,13101
12842,50700,14584,27121,14560,36116,12561
12859,50331,14561,26677,14549,35770,12128
12875,50083,14552,26332,14528,35531,11804
12892,49911,14525,26169,14518,35386,11651
12909,49831,14510,26073,14495,35321,11578
12925,49793,14495,26036,14482,35298,11554
12942,49797,14493,26026,14477,35304,11549
12959,49814,14496,26049,14485,35318,11564
12975,49843,14505,26074,14485,35338,11589
12992,49887,14503,26131,14493,35384,11638
13009,49927,14500,26179,14485,35427,11694
13025,49978,14489,26251,14479,35489,11772
13042,50052,14500,26332,14478,35552,11854
13059,50110,14507,26401,14489,35603,11912
13075,50157,14510,26465,14492,35647,11973
13092,50194,14510,26505,14498,35684,12007
13109,50195,14510,26500,14494,35685,12006
13126,50198,14497,26498,14483,35701,12015
13142,50198,14499,26499,14485,35699,12014
13159,50221,14502,26533,14485,35719,12048
13176,50261,14506,26577,14492,35755,12085
13191,50293,14505,26618,14485,35788,12133
13208,50340,14501,26673,14486,35839,12187
13225,50400,14504,26737,14484,35896,12253
13241,50466,14513,26824,14493,35953,12331
13258,50541,14519,26921,14504,36022,12417
13275,50618,14524,27008,14516,36094,12492
13291,50682,14533,27101,14515,36149,12586
13308,50739,14527,27165,14515,36212,12650
13325,50798,14524,27223,14512,36274,12711
13341,50877,14537,27315,14525,36340,12790
13358,50934,14543,27395,14531,36391,12864
13375,50996,14554,27473,14538,36442,12935
13391,51049,14558,27547,14538,36491,13009
13408,51088,14547,27596,14539,36541,13057
13425,51137,14549,27646,14535,36588,13111
13441,51191,14554,27710,14547,36637,13163
13458,51240,14570,27767,14549,36670,13218
13475,51286,14579,27833,14560,36707,13273
13491,51324,14576,27893,14559,36748,13334
13508,51371,14578,27939,14561,36793,13378
13525,51407,14578,27976,14554,36829,13422
13541,51450,14579,28020,14565,36871,13455
13558,51421,14585,27965,14567,36836,13398
13575,51185,14570,27682,14560,36615,13122
13591,50787,14547,27114,14532,36240,12582
13608,50324,14511,26549,14496,35813,12053
13625,49930,14483,26138,14469,35447,11669
13641,49722,14467,25845,14451,35255,11394
13658,49610,14458,25738,14450,35152,11288
13675,49552,14455,25679,14442,35097,11237
13691,49534,14455,25662,14444,35079,11218
13708,49542,14444,25667,14436,35098,11231
13725,49550,14436,25686,14423,35114,11263
13741,49584,14436,25712,14418,35148,11294
13758,49637,14444,25785,14430,35193,11355
13775,49709,14452,25881,14442,35257,11439
13791,49778,14459,25977,14447,35319,11530
13808,49847,14447,26042,14438,35400,11604
13825,49899,14454,26113,14446,35445,11667
13841,49934,14453,26149,14435,35481,11714
13858,49960,14464,26176,14447,35496,11729
13875,49986,14472,26202,14453,35514,11749
13891,49985,14470,26209,14456,35515,11753
13908,49988,14451,26214,14441,35537,11773
13925,50001,14447,26234,14437,35554,11797
13941,50039,14456,26286,14436,35583,11850
13958,50100,14464,26365,14450,35636,11915
13975,50169,14474,26442,14457,35695,11985
13991,50234,14484,26531,14466,35750,12065
14008,50311,14475,26595,14462,35836,12133
14025,50367,14478,26682,14457,35889,12225
14041,50442,14480,26780,14466,35962,12314
14058,50527,14493,26875,14475,36034,12400
14075,50603,14504,26975,14492,36099,12483
14091,50660,14509,27061,14498,36151,12563
14108,50727,14501,27123,14487,36226,12636
14125,50773,14502,27182,14484,36271,12698
14141,50835,14510,27262,14491,36325,12771
14158,50891,14516,27343,14507,36375,12836
14175,50949,14529,27401,14512,36420,12889
14192,50994,14530,27464,14518,36464,12946
14207,51023,14524,27507,14506,36499,13001
14224,51057,14523,27547,14509,36534,13038
14241,51117,14529,27615,14514,36588,13101
14257,51181,14545,27684,14531,36636,13153
14274,51231,14550,27739,14538,36681,13201
14291,51209,14551,27711,14528,36658,13183
14307,51039,14527,27454,14510,36512,12944
14324,50683,14496,26973,14477,36187,12496
14341,50219,14473,26477,14466,35746,12011
14357,49883,14464,26014,14451,35419,11563
14374,49658,14453,25755,14437,35205,11318
14391,49516,14443,25605,14417,35073,11188
14407,49463,14424,25545,14409,35039,11136
14424,49440,14410,25540,14398,35030,11142
14441,49474,14408,25570,14404,35066,11166
14457,49517,14422,25630,14413,35095,11217
14474,49581,14432,25698,14411,35149,11287
14491,49649,14432,25757,14414,35217,11343
14507,49707,14421,25865,14410,35286,11455
14524,49785,14416,25956,14406,35369,11550
14541,49875,14419,26060,14412,35456,11648
14557,49938,14437,26134,14421,35501,11713
14574,49980,14442,26180,14423,35538,11757
14591,50006,14443,26215,14425,35563,11790
14607,50001,14430,26205,14419,35571,11786
14624,50009,14427,26216,14412,35582,11804
14641,50018,14416,26230,14412,35602,11818
14657,50057,14434,26268,14416,35623,11852
14674,50110,14446,26332,14435,35664,11897
14691,50158,14445,26375,14428,35713,11947
14707,50205,14435,26451,14427,35770,12024
14724,50268,14438,26517,14424,35830,12093
14741,50342,14434,26607,14430,35908,12177
14757,50421,14449,26703,14437,35972,12266
14774,50499,14463,26787,14447,36036,12340
14791,50564,14470,26867,14449,36094,12418
14807,50611,14466,26953,14457,36145,12496
14824,50675,14463,27020,14447,36212,12573
14841,50731,14466,27093,14457,36265,12636
14857,50794,14486,27166,14468,36308,12698
14874,50850,14490,27239,14476,36360,12763
14891,50900,14498,27289,14481,36402,12808
14907,50935,14492,27355,14477,36443,12878
14924,50980,14492,27399,14477,36488,12922
14941,51022,14494,27459,14484,36528,12975
14957,51081,14508,27520,14488,36573,13032
14974,51136,14514,27581,14501,36622,13080
14991,51165,14521,27615,14499,36644,13116
15007,51109,14502,27534,14489,36607,13045
15024,50859,14488,27226,14467,36371,12759
15041,50501,14457,26774,14448,36044,12326
15057,50105,14448,26235,14435,35657,11800
15074,49786,14437,25896,14424,35349,11472
15091,49612,14423,25686,14413,35189,11273
15107,49530,14404,25573,14389,35126,11184
15124,49506,14397,25556,14387,35109,11169
15141,49530,14390,25592,14377,35140,11215
15158,49596,14406,25672,14390,35190,11282
15174,49654,14409,25749,14398,35245,11351
15191,49731,14421,25826,14400,35310,11426
15208,49805,14409,25940,14400,35396,11540
15223,49889,14410,26036,14391,35479,11645
15240,49982,14423,26142,14404,35559,11738
15257,50055,14427,26229,14421,35628,11808
15273,50102,14436,26287,14426,35666,11861
15290,50121,14431,26307,14423,35690,11884
15307,50122,14425,26306,14408,35697,11898
15323,50127,14419,26324,14407,35708,11917
15340,50150,14427,26335,14404,35723,11931
15357,50183,14435,26376,14419,35748,11957
15373,50235,14442,26437,14431,35793,12006
15390,50261,14431,26489,14427,35830,12062
15407,50323,14430,26557,14417,35893,12140
15423,50381,14434,26654,14417,35947,12237
15440,50457,14443,26749,14426,36014,12323
15457,50547,14451,26852,14432,36096,12420
15473,50623,14464,26968,14446,36159,12522
15490,50694,14459,27038,14452,36235,12586
15507,50742,14459,27106,14443,36283,12663
15523,50787,14459,27186,14440,36328,12746
15540,50851,14468,27258,14452,36383,12806
15557,50911,14477,27324,14461,36434,12863
15573,50969,14493,27385,14471,36476,12914
15590,51021,14491,27446,14480,36530,12966
15607,51046,14490,27486,14474,36556,13012
15623,51082,14485,27536,14476,36597,13060
15640,51119,14497,27586,14474,36622,13112
15657,51180,14505,27643,14490,36675,13153
15673,51230,14513,27707,14500,36717,13207
15690,51271,14515,27758,14503,36756,13255
15707,51285,14510,27762,14495,36775,13267
15723,51199,14492,27635,14485,36707,13150
15740,50893,14483,27281,14458,36410,12823
15757,50525,14459,26803,14447,36066,12356
15773,50135,14446,26260,14429,35689,11831
15790,49813,14427,25932,14412,35386,11520
15807,49632,14405,25697,14390,35227,11307
15823,49536,14381,25585,14370,35155,11215
15840,49506,14381,25564,14360,35125,11204
15857,49533,14385,25586,14374,35148,11212
15873,49554,14388,25625,14379,35166,11246
15890,49596,14386,25661,14381,35210,11280
15907,49632,14389,25706,14369,35243,11337
15923,49677,14373,25781,14367,35304,11414
15940,49770,14393,25882,14369,35377,11513
15957,49865,14398,25993,14388,35467,11605
15973,49921,14404,26074,14396,35517,11678
15990,49980,14408,26139,14399,35572,11740
16007,49993,14404,26159,14391,35589,11768
16023,50009,14401,26164,14385,35608,11779
16040,50022,14406,26196,14383,35616,11813
16057,50043,14409,26202,14394,35634,11808
16073,50063,14412,26233,14399,35651,11834
16090,50118,14414,26283,14404,35704,11879
16107,50150,14410,26333,14400,35740,11933
16123,50199,14412,26402,14399,35787,12003
16140,50260,14417,26471,14396,35843,12075
16157,50337,14423,26567,14412,35914,12155
16174,50418,14434,26670,14419,35984,12251
16190,50492,14437,26746,14425,36055,12321
16207,50544,14436,26832,14421,36108,12411
16224,50595,14432,26899,14420,36163,12479
16239,50675,14446,26988,14428,36229,12560
16256,50744,14456,27076,14443,36288,12633
16273,50803,14471,27148,14450,36332,12698
16289,50846,14464,27215,14454,36382,12761
16306,50895,14460,27277,14449,36435,12828
16323,50937,14457,27322,14443,36480,12879
16339,50986,14475,27382,14451,36511,12931
16356,51041,14477,27437,14467,36564,12970
16373,51088,14494,27496,14477,36594,13019
16389,51127,14491,27563,14476,36636,13087
16406,51170,14486,27604,14476,36684,13128
16423,51203,14487,27641,14467,36716,13174
16439,51232,14497,27662,14473,36735,13189
16456,51143,14495,27564,14480,36648,13084
16473,50839,14475,27169,14466,36364,12703
16489,50426,14455,26582,14441,35971,12141
16506,49962,14429,26064,14413,35533,11651
16523,49678,14411,25713,14392,35267,11321
16539,49536,14395,25502,14374,35141,11128
16556,49457,14392,25435,14379,35065,11056
16573,49454,14394,25446,14380,35060,11066
16589,49458,14390,25461,14382,35068,11079
16606,49487,14385,25483,14376,35102,11107
16623,49510,14384,25510,14366,35126,11144
16639,49557,14382,25571,14363,35175,11208
16656,49621,14393,25653,14382,35228,11271
16673,49701,14404,25742,14390,35297,11352
16689,49771,14399,25845,14394,35372,11451
16706,49840,14400,25918,14385,35440,11533
16723,49886,14398,25969,14380,35488,11589
16739,49931,14403,26022,14382,35528,11640
16756,49962,14410,26056,14402,35552,11654
16773,49968,14412,26076,14406,35556,11670
16789,49972,14414,26082,14403,35558,11679
16806,49997,14405,26085,14396,35592,11689
16823,50015,14399,26112,14385,35616,11727
16839,50058,14407,26179,14390,35651,11789
16856,50129,14415,26254,14404,35714,11850
16873,50195,14422,26344,14416,35773,11928
16889,50262,14435,26436,14424,35827,12012
16906,50331,14420,26509,14413,35911,12096
16923,50399,14426,26578,14409,35973,12169
16939,50479,14435,26689,14413,36044,12276
16956,50555,14449,26777,14431,36106,12346
16973,50630,14456,26878,14443,36174,12435
16989,50688,14459,26969,14448,36229,12521
17006,50755,14451,27038,14445,36304,12593
17023,50795,14456,27089,14437,36339,12652
17039,50857,14464,27167,14443,36393,12724
17056,50918,14480,27242,14456,36438,12786
17073,50976,14488,27307,14468,36488,12839
17089,51014,14486,27370,14476,36528,12894
17106,51064,14483,27410,14472,36581,12938
17123,51094,14479,27472,14460,36615,13012
17139,51156,14488,27529,14477,36668,13052
17156,51207,14510,27602,14492,36697,13110
17173,51263,14514,27668,14498,36749,13170
17189,51254,14517,27652,14500,36737,13152
17206,51088,14487,27441,14480,36601,12961
17223,50720,14462,26898,14444,36258,12454
17240,50274,14434,26350,14421,35840,11929
17255,49928,14433,25941,14416,35495,11525
17272,49713,14427,25708,14413,35286,11295
17289,49598,14416,25581,14394,35182,11187
17305,49574,14395,25566,14384,35179,11182
17322,49595,14391,25596,14373,35204,11223
17339,49634,14391,25648,14386,35243,11262
17355,49688,14404,25721,14391,35284,11330
17372,49758,14422,25797,14403,35336,11394
17389,49812,14416,25857,14400,35396,11457
17405,49874,14411,25951,14392,35463,11559
17422,49968,14407,26035,14391,35561,11644
17439,50057,14418,26149,14402,35639,11747
17455,50122,14431,26237,14408,35691,11829
17472,50177,14441,26297,14421,35736,11876
17489,50199,14434,26319,14416,35765,11903
17505,50203,14423,26331,14411,35780,11920
17522,50207,14421,26328,14411,35786,11917
17539,50221,14426,26351,14412,35795,11939
17555,50255,14436,26388,14420,35819,11968
17572,50311,14451,26442,14437,35860,12005
17589,50348,14443,26481,14428,35905,12053
17605,50386,14440,26550,14426,35946,12124
17622,50460,14434,26628,14425,36026,12203
17639,50522,14442,26718,14435,36080,12283
17655,50603,14459,26820,14443,36144,12377
17672,50693,14466,26914,14451,36227,12463
17689,50753,14469,27003,14451,36284,12552
17705,50807,14466,27091,14453,36341,12638
17722,50879,14462,27157,14447,36417,12710
17739,50937,14463,27244,14458,36474,12786
17755,50997,14481,27316,14465,36516,12851
17772,51065,14495,27399,14482,36570,12917
17789,51104,14499,27425,14470,36605,12955
17805,51134,14485,27490,14472,36649,13018
17822,51180,14486,27518,14468,36694,13050
17839,51217,14487,27582,14479,36730,13103
17855,51274,14503,27638,14486,36771,13152
17872,51320,14511,27684,14494,36809,13190
17889,51358,14519,27724,14488,36839,13236
17905,51382,14507,27779,14491,36875,13288
17922,51425,14498,27820,14498,36927,13322
17939,51467,14508,27872,14500,36959,13372
17955,51500,14524,27907,14500,36976,13407
17972,51437,14524,27837,14505,36913,13332
17989,51186,14499,27435,14488,36687,12947
18005,50780,14470,26920,14455,36310,12465
18022,50317,14440,26403,14434,35877,11969
18039,50045,14432,26047,14419,35613,11628
18055,49921,14429,25918,14416,35492,11502
18072,49899,14430,25896,14419,35469,11477
18089,49909,14439,25936,14412,35470,11524
18105,49950,14422,25992,14410,35528,11582
18122,50013,14420,26052,14405,35593,11647
18139,50086,14427,26146,14415,35659,11731
18155,50168,14437,26248,14427,35731,11821
18172,50277,14448,26366,14439,35829,11927
18189,50373,14459,26507,14441,35914,12066
18206,50445,14446,26597,14436,35999,12161
18222,50524,14451,26677,14432,36073,12245
18239,50570,14452,26730,14437,36118,12293
18256,50603,14464,26780,14442,36139,12338
18271,50624,14467,26800,14454,36157,12346
18288,50628,14462,26781,14447,36166,12334
18305,50627,14454,26773,14446,36173,12327
18321,50627,14454,26793,14439,36173,12354
18338,50669,14462,26847,14441,36207,12406
18355,50717,14471,26898,14449,36246,12449
18371,50786,14482,26979,14460,36304,12519
18388,50849,14471,27042,14466,36378,12576
18405,50898,14475,27102,14457,36423,12645
18421,50954,14472,27184,14462,36482,12722
18438,51032,14486,27274,14466,36546,12808
18455,51106,14498,27358,14480,36608,12878
18471,51183,14506,27452,14488,36677,12964
18488,51241,14500,27528,14495,36741,13033
18505,51281,14506,27592,14486,36775,13106
18521,51314,14496,27655,14488,36818,13167
18538,51370,14508,27705,14489,36862,13216
18555,51428,14515,27775,14502,36913,13273
18571,51479,14526,27840,14508,36953,13332
18588,51517,14522,27884,14514,36995,13370
18605,51549,14525,27922,14510,37024,13412
18621,51570,14515,27962,14515,37055,13447
18638,51612,14534,28016,14512,37078,13504
18655,51671,14544,28070,14528,37127,13542
18671,51709,14557,28139,14535,37152,13604
18688,51753,14546,28162,14536,37207,13626
18705,51770,14555,28196,14534,37215,13662
18721,51721,14537,28113,14525,37184,13588
18738,51484,14535,27838,14510,36949,13328
18755,51106,14509,27348,14496,36597,12852
18771,50688,14494,26767,14475,36194,12292
18788,50340,14472,26393,14463,35868,11930
18805,50157,14457,26177,14435,35700,11742
18821,50093,14436,26109,14422,35657,11687
18838,50099,14442,26132,14424,35657,11708
18855,50139,14442,26182,14437,35697,11745
18871,50196,14460,26261,14439,35736,11822
18888,50251,14451,26315,14445,35800,11870
18905,50306,14453,26397,14436,35853,11961
18921,50362,14446,26466,14432,35916,12034
18938,50460,14457,26576,14437,36003,12139
18955,50554,14464,26702,14453,36090,12249
18971,50637,14473,26791,14462,36164,12329
18988,50705,14474,26856,14463,36231,12393
19005,50728,14468,26896,14451,36260,12445
19021,50738,14459,26908,14454,36279,12454
19038,50747,14470,26918,14443,36277,12475
19055,50771,14478,26934,14463,36293,12471
19071,50785,14484,26968,14461,36301,12507
19088,50827,14481,27000,14469,36346,12531
19105,50859,14476,27043,14456,36383,12587
19121,50898,14470,27095,14457,36428,12638
19138,50960,14477,27178,14460,36483,12718
19155,51037,14486,27269,14471,36551,12798
19171,51101,14499,27351,14480,36602,12871
19188,51179,14506,27441,14488,36673,12953
19205,51237,14501,27528,14484,36736,13044
19222,51287,14498,27594,14487,36789,13107
19238,51357,14502,27666,14488,36855,13178
19255,51422,14516,27752,14499,36906,13253
19272,51476,14523,27839,14512,36953,13327
19287,51515,14522,27881,14515,36993,13366
19304,51564,14525,27931,14509,37039,13422
19321,51590,14520,27979,14499,37070,13480
19337,51644,14530,28041,14511,37114,13530
19354,51691,14543,28098,14528,37148,13570
19371,51729,14546,28152,14531,37183,13621
19387,51757,14547,28199,14538,37210,13661
19404,51800,14546,28227,14531,37254,13696
19421,51820,14543,28269,14528,37277,13741
19437,51869,14556,28332,14529,37313,13803
19454,51900,14562,28373,14542,37338,13831
19471,51898,14561,28368,14548,37337,13820
19487,51766,14545,28144,14531,37221,13613
19504,51365,14514,27666,14500,36851,13166
19521,50935,14492,27135,14468,36443,12667
19537,50549,14473,26604,14453,36076,12151
19554,50287,14468,26336,14450,35819,11886
19571,50200,14457,26227,14448,35743,11779
19587,50162,14443,26193,14438,35719,11755
19604,50174,14434,26212,14426,35740,11786
19621,50201,14432,26238,14415,35769,11823
19637,50252,14435,26299,14417,35817,11882
19654,50305,14446,26366,14431,35859,11935
19671,50370,14453,26446,14439,35917,12007
19687,50439,14447,26531,14445,35992,12086
19704,50524,14446,26611,14430,36078,12181
19721,50594,14445,26729,14437,36149,12292
19737,50664,14457,26789,14429,36207,12360
19754,50722,14463,26867,14447,36259,12420
19771,50770,14469,26915,14456,36301,12459
19787,50777,14467,26937,14455,36310,12482
19804,50789,14461,26938,14448,36328,12490
19821,50795,14461,26946,14438,36334,12508
19837,50822,14458,26969,14435,36364,12534
19854,50859,14469,27026,14452,36390,12574
19871,50909,14474,27083,14463,36435,12620
19887,50955,14473,27159,14468,36482,12691
19904,51023,14467,27218,14458,36556,12760
19921,51081,14472,27301,14454,36609,12847
19937,51154,14478,27376,14455,36676,12921
19954,51231,14489,27469,14468,36742,13001
19971,51293,14497,27572,14479,36796,13093
19987,51348,14497,27639,14488,36851,13151
20004,51412,14498,27691,14482,36914,13209
20021,51450,14490,27757,14477,36960,13280
20037,51501,14501,27811,14476,37000,13335
20054,51555,14512,27886,14492,37043,13394
20071,51613,14525,27949,14508,37088,13441
20087,51638,14522,27993,14511,37116,13482
20104,51680,14513,28032,14498,37167,13534
20121,51698,14507,28063,14505,37191,13558
20137,51745,14514,28111,14495,37231,13616
20154,51792,14534,28168,14516,37258,13652
20171,51834,14537,28221,14520,37297,13701
20187,51866,14543,28269,14527,37323,13742
20204,51904,14533,28290,14515,37371,13775
20221,51924,14530,28311,14513,37394,13798
20238,51877,14525,28226,14507,37352,13719
20254,51649,14518,27955,14503,37131,13452
20271,51280,14503,27399,14495,36777,12904
20288,50863,14479,26896,14469,36384,12427
20303,50523,14457,26493,14445,36066,12048
20320,50297,14433,26253,14418,35864,11835
20337,50227,14431,26183,14419,35796,11764
20353,50219,14434,26161,14417,35785,11744
20370,50254,14443,26226,14426,35811,11800
20387,50282,14441,26253,14419,35841,11834
20403,50321,14428,26319,14420,35893,11899
20420,50373,14424,26374,14416,35949,11958
20437,50461,14431,26467,14421,36030,12046
20453,50546,14444,26586,14425,36102,12161
20470,50655,14457,26706,14440,36198,12266
20487,50726,14456,26791,14440,36270,12351
20503,50771,14443,26866,14435,36328,12431
20520,50804,14438,26900,14429,36366,12471
20537,50836,14446,26943,14440,36390,12503
20553,50855,14454,26952,14438,36401,12514
20570,50873,14459,26961,14444,36414,12517
20587,50878,14460,26969,14436,36418,12533
20603,50901,14448,26998,14435,36453,12563
20620,50934,14439,27038,14426,36495,12612
20637,50988,14445,27103,14433,36543,12670
20653,51052,14460,27187,14444,36592,12743
20670,51127,14477,27277,14458,36650,12819
20687,51193,14476,27367,14453,36717,12914
20703,51247,14469,27425,14457,36778,12968
20720,51311,14461,27497,14446,36850,13051
20737,51368,14469,27576,14464,36899,13112
20753,51430,14486,27650,14470,36944,13180
20770,51483,14496,27719,14478,36987,13241
20787,51530,14498,27780,14473,37032,13307
20803,51558,14488,27818,14473,37070,13345
20820,51598,14485,27861,14472,37113,13389
20837,51633,14485,27906,14476,37148,13430
20853,51691,14500,27967,14482,37191,13485
20870,51728,14510,28010,14493,37218,13517
20887,51765,14514,28058,14491,37251,13567
20903,51786,14511,28082,14492,37275,13590
20920,51815,14500,28118,14488,37315,13630
20937,51857,14505,28167,14495,37352,13672
20953,51902,14523,28232,14503,37379,13729
20970,51951,14528,28276,14507,37423,13769
20987,51969,14534,28316,14507,37435,13809
21003,51922,14519,28234,14505,37403,13729
21020,51719,14491,27962,14475,37228,13487
21037,51339,14466,27414,14459,36873,12955
21053,50953,14460,26919,14440,36493,12479
21070,50564,14443,26515,14434,36121,12081
21087,50368,14433,26252,14409,35935,11843
21103,50278,14413,26159,14399,35865,11760
21120,50276,14400,26152,14384,35876,11768
21137,50315,14396,26216,14389,35919,11827
21153,50392,14404,26296,14392,35988,11904
21170,50464,14411,26392,14399,36053,11993
21187,50545,14417,26500,14396,36128,12104
21203,50631,14408,26601,14396,36223,12205
21220,50729,14410,26697,14399,36319,12298
21237,50823,14415,26830,14409,36408,12421
21254,50897,14437,26925,14422,36460,12503
21270,50957,14440,26979,14426,36517,12553
21287,50976,14445,27018,14421,36531,12597
21304,50980,14431,27009,14420,36549,12589
21319,50973,14428,27002,14413,36545,12589
21336,50970,14435,26992,14417,36535,12575
21353,50997,14435,27011,14425,36562,12586
21369,51028,14445,27046,14427,36583,12619
21386,51066,14439,27090,14429,36627,12661
21403,51110,14443,27145,14429,36667,12716
21419,51161,14443,27219,14422,36718,12797
21436,51219,14445,27293,14432,36774,12861
21453,51285,14453,27372,14442,36832,12930
21469,51356,14470,27462,14448,36886,13014
21486,51414,14466,27520,14453,36948,13067
21503,51450,14462,27576,14443,36988,13133
21519,51493,14459,27640,14442,37034,13198
21536,51544,14473,27704,14449,37071,13255
21553,51602,14481,27779,14462,37121,13317
21569,51649,14486,27831,14469,37163,13362
21586,51689,14483,27875,14476,37206,13399
21603,51714,14486,27914,14470,37228,13444
21619,51737,14479,27943,14469,37258,13474
21636,51774,14494,27996,14469,37280,13527
21653,51828,14502,28048,14490,37326,13558
21669,51868,14513,28102,14498,37355,13604
21686,51911,14511,28139,14498,37400,13641
21703,51931,14509,28185,14489,37422,13696
21719,51959,14512,28213,14492,37447,13721
21736,51948,14516,28196,14493,37432,13703
21753,51841,14505,27999,14490,37336,13509
21769,51532,14497,27572,14483,37035,13089
21786,51100,14471,27073,14454,36629,12619
21803,50702,14436,26530,14421,36266,12109
21819,50448,14421,26233,14404,36027,11829
21836,50306,14412,26099,14399,35894,11700
21853,50288,14416,26074,14404,35872,11670
21869,50306,14420,26114,14406,35886,11708
21886,50350,14424,26164,14406,35926,11758
21903,50384,14413,26221,14395,35971,11826
21919,50426,14413,26287,14390,36013,11897
21936,50503,14413,26381,14397,36090,11984
21953,50600,14426,26499,14417,36174,12082
21969,50689,14436,26604,14415,36253,12189
21986,50766,14435,26681,14421,36331,12260
22003,50807,14430,26742,14408,36377,12334
22019,50837,14424,26775,14407,36413,12368
22036,50847,14417,26788,14408,36430,12380
22053,50863,14432,26785,14416,36431,12369
22069,50863,14436,26787,14417,36427,12370
22086,50875,14435,26782,14416,36440,12366
22103,50883,14422,26803,14409,36461,12394
22119,50905,14416,26822,14405,36489,12417
22136,50962,14416,26890,14404,36546,12486
22153,51030,14437,26973,14422,36593,12551
22169,51103,14444,27054,14425,36659,12629
22186,51170,14453,27129,14432,36717,12697
22203,51216,14442,27211,14428,36774,12783
22219,51272,14447,27287,14427,36825,12860
22236,51337,14444,27365,14428,36893,12937
22253,51406,14460,27448,14445,36946,13003
22270,51471,14469,27520,14455,37002,13065
22286,51512,14474,27577,14462,37038,13115
22303,51552,14473,27639,14453,37079,13186
22320,51591,14468,27678,14454,37123,13224
22335,51629,14480,27733,14458,37149,13275
22352,51676,14495,27782,14470,37181,13312
22369,51712,14490,27839,14479,37222,13360
22385,51737,14491,27876,14472,37246,13404
22402,51775,14489,27915,14474,37286,13441
22419,51811,14488,27945,14476,37323,13469
22435,51843,14495,27999,14469,37348,13530
22452,51893,14507,28062,14489,37386,13573
22469,51910,14506,28068,14500,37404,13568
22485,51828,14498,27945,14490,37330,13455
22502,51513,14473,27540,14455,37040,13085
22519,51106,14442,26973,14426,36664,12547
22535,50699,14428,26467,14404,36271,12063
22552,50352,14413,26105,14397,35939,11708
22569,50195,14405,25886,14390,35790,11496
22585,50123,14392,25809,14381,35731,11428
22602,50097,14376,25779,14371,35721,11408
22619,50092,14371,25783,14354,35721,11429
22635,50114,14380,25813,14351,35734,11462
22652,50151,14381,25859,14360,35770,11499
22669,50193,14386,25914,14373,35807,11541
22685,50239,14386,25983,14377,35853,11606
22702,50319,14388,26054,14366,35931,11688
22719,50385,14378,26151,14363,36007,11788
22735,50460,14388,26240,14363,36072,11877
22752,50520,14395,26310,14381,36125,11929
22769,50561,14401,26352,14388,36160,11964
22785,50578,14399,26386,14390,36179,11996
22802,50584,14392,26382,14376,36192,12006
22819,50580,14389,26382,14368,36191,12014
22835,50606,14387,26399,14364,36219,12035
22852,50633,14388,26434,14378,36245,12056
22869,50686,14400,26493,14392,36286,12101
22885,50711,14400,26556,14393,36311,12163
22902,50781,14398,26607,14383,36383,12224
22919,50823,14388,26685,14376,36435,12309
22935,50895,14399,26761,14385,36496,12376
22952,50975,14411,26858,14398,36564,12460
22969,51046,14424,26954,14408,36622,12546
22985,51102,14424,27027,14419,36678,12608
23002,51161,14423,27091,14408,36738,12683
23019,51204,14415,27156,14403,36789,12753
23035,51260,14421,27214,14404,36839,12810
23052,51318,14434,27284,14420,36884,12864
23069,51367,14444,27354,14427,36923,12927
23085,51401,14446,27403,14437,36955,12966
23102,51439,14438,27444,14427,37001,13017
23119,51474,14438,27491,14421,37036,13070
23135,51517,14446,27536,14423,37071,13113
23152,51573,14457,27601,14443,37116,13158
23169,51604,14470,27659,14456,37134,13203
23185,51642,14468,27719,14458,37174,13261
23202,51668,14462,27729,14446,37206,13283
23219,51630,14455,27657,14442,37175,13215
23235,51447,14442,27376,14418,37005,12958
23252,51035,14419,26900,14407,36616,12493
23269,50641,14411,26350,14393,36230,11957
23286,50296,14394,25940,14380,35902,11560
23302,50058,14371,25695,14355,35687,11340
23319,49957,14362,25580,14344,35595,11236
23336,49926,14354,25539,14333,35572,11206
23351,49916,14353,25531,14335,35563,11196
23368,49944,14360,25571,14344,35584,11227
23385,49960,14357,25609,14330,35603,11279
23401,49993,14344,25644,14331,35649,11313
23418,50062,14344,25717,14331,35718,11386
23435,50133,14348,25819,14334,35785,11485
23451,50228,14361,25948,14342,35867,11606
23468,50319,14371,26056,14352,35948,11704
23485,50368,14372,26116,14350,35996,11766
23501,50401,14361,26145,14349,36040,11796
23518,50414,14349,26157,14336,36065,11821
23535,50432,14348,26160,14338,36084,11822
23551,50451,14369,26191,14348,36082,11843
23568,50468,14372,26208,14353,36096,11855
23585,50489,14369,26254,14344,36120,11910
23601,50514,14360,26275,14347,36154,11928
23618,50561,14356,26318,14341,36205,11977
23635,50622,14359,26396,14352,36263,12044
23651,50688,14373,26478,14357,36315,12121
23668,50755,14379,26568,14364,36376,12204
23685,50821,14386,26651,14362,36435,12289
23701,50882,14376,26720,14363,36506,12357
23718,50946,14375,26791,14360,36571,12431
23735,51001,14379,26874,14372,36622,12502
23751,51071,14392,26959,14379,36679,12580
23768,51131,14405,27025,14392,36726,12633
23785,51172,14412,27092,14390,36760,12702
23801,51212,14401,27127,14392,36811,12735
23818,51250,14400,27176,14384,36850,12792
23835,51298,14398,27233,14394,36900,12839
23851,51344,14419,27298,14398,36925,12900
23868,51391,14428,27356,14418,36963,12938
23885,51429,14430,27403,14408,36999,12995
23901,51458,14425,27444,14411,37033,13033
23918,51503,14424,27472,14406,37079,13066
23935,51538,14429,27529,14413,37109,13116
23951,51587,14441,27586,14417,37146,13169
23968,51614,14447,27628,14433,37167,13195
23985,51556,14441,27515,14425,37115,13090
24001,51311,14412,27168,14396,36899,12772
24018,50871,14384,26655,14369,36487,12286
24035,50462,14358,26066,14355,36104,11711
24051,50152,14354,25700,14335,35798,11365
24068,49949,14344,25496,14330,35605,11166
24085,49878,14340,25423,14315,35538,11108
24101,49861,14322,25406,14311,35539,11095
24118,49895,14316,25446,14298,35579,11148
24135,49945,14311,25503,14308,35634,11195
24151,50010,14325,25589,14310,35685,11279
24168,50089,14333,25675,14317,35756,11358
24185,50170,14343,25794,14313,35827,11481
24201,50251,14331,25895,14319,35920,11576
24218,50335,14330,25987,14317,36005,11670
24235,50404,14330,26086,14316,36074,11770
24251,50460,14350,26152,14329,36110,11823
24268,50492,14352,26183,14337,36140,11846
24285,50508,14357,26204,14341,36151,11863
24302,50502,14344,26183,14329,36158,11854
24318,50496,14334,26181,14322,36162,11859
24335,50517,14333,26205,14317,36184,11888
24352,50562,14338,26256,14328,36224,11928
24367,50620,14357,26327,14339,36263,11988
24384,50662,14347,26372,14334,36315,12038
24401,50705,14347,26456,14333,36358,12123
24417,50766,14348,26517,14333,36418,12184
24434,50841,14354,26606,14341,36487,12265
24451,50909,14366,26703,14349,36543,12354
24467,50987,14384,26795,14356,36603,12439
24484,51048,14382,26868,14364,36666,12504
24501,51093,14377,26936,14359,36716,12577
24517,51142,14376,26980,14360,36766,12620
24534,51189,14374,27053,14366,36815,12687
24551,51235,14391,27115,14376,36844,12739
24567,51291,14409,27177,14384,36882,12793
24584,51332,14408,27221,14381,36924,12840
24601,51367,14398,27268,14383,36969,12885
24617,51392,14396,27305,14385,36996,12920
24634,51436,14401,27360,14386,37035,12974
24651,51473,14408,27408,14399,37065,13009
24667,51530,14423,27467,14405,37107,13062
24684,51564,14428,27508,14405,37136,13103
24701,51594,14421,27553,14403,37173,13150
24717,51621,14415,27595,14399,37206,13196
24734,51649,14420,27620,14403,37229,13217
24751,51591,14422,27516,14406,37169,13110
24767,51377,14410,27201,14388,36967,12813
24784,50958,14385,26696,14370,36573,12326
24801,50550,14356,26148,14339,36194,11809
24817,50223,14337,25754,14321,35886,11433
24834,50027,14313,25548,14304,35714,11244
24851,49974,14319,25487,14307,35655,11180
24867,49992,14325,25514,14308,35667,11206
24884,50038,14328,25550,14313,35710,11237
24901,50084,14320,25638,14299,35764,11339
24917,50151,14313,25717,14297,35838,11420
24934,50229,14309,25816,14301,35920,11515
24951,50338,14330,25953,14317,36008,11636
24967,50440,14339,26075,14328,36101,11747
24984,50530,14347,26174,14325,36183,11849
25001,50579,14334,26255,14322,36245,11933
25017,50594,14328,26282,14316,36266,11966
25034,50618,14334,26315,14313,36284,12002
25051,50637,14343,26313,14323,36294,11990
25067,50645,14346,26314,14327,36299,11987
25084,50655,14351,26317,14329,36304,11988
25101,50661,14336,26338,14319,36325,12019
25117,50693,14333,26375,14318,36360,12057
25134,50740,14334,26436,14318,36406,12118
25151,50802,14347,26512,14339,36455,12173
25167,50871,14361,26604,14344,36510,12260
25184,50940,14361,26667,14346,36579,12321
25201,50984,14357,26756,14348,36627,12408
25217,51045,14352,26809,14343,36693,12466
25234,51099,14356,26894,14346,36743,12548
25251,51165,14373,26964,14357,36792,12607
25267,51222,14389,27047,14369,36833,12678
25284,51274,14393,27095,14373,36881,12722
25301,51306,14380,27155,14367,36926,12788
25318,51348,14378,27191,14365,36970,12826
25334,51381,14380,27248,14366,37001,12882
25351,51435,14398,27306,14377,37037,12929
25368,51479,14405,27358,14392,37074,12966
25383,51505,14409,27398,14396,37096,13002
25400,51540,14408,27432,14388,37132,13044
25417,51571,14394,27475,14384,37177,13091
25433,51617,14416,27542,14389,37201,13153
25450,51665,14415,27593,14408,37250,13185
25467,51691,14426,27620,14416,37265,13204
25483,51620,14413,27519,14407,37207,13112
25500,51375,14397,27202,14378,36978,12824
25517,50992,14359,26649,14347,36633,12302
25533,50632,14350,26186,14325,36282,11861
25550,50275,14333,25801,14321,35942,11480
25567,50080,14329,25537,14316,35751,11221
25583,49988,14309,25438,14310,35679,11128
25600,49956,14303,25406,14287,35653,11119
25617,49961,14290,25419,14278,35671,11141
25633,49999,14293,25460,14272,35706,11188
25650,50043,14299,25522,14288,35744,11234
25667,50108,14309,25590,14295,35799,11295
25683,50164,14306,25695,14303,35858,11392
25700,50257,14309,25780,14293,35948,11487
25717,50325,14298,25886,14283,36027,11603
25733,50405,14318,25975,14289,36087,11686
25750,50460,14315,26051,14302,36145,11749
25767,50497,14327,26085,14314,36170,11771
25783,50508,14319,26099,14310,36189,11789
25800,50510,14317,26091,14297,36193,11794
25817,50516,14307,26099,14289,36209,11810
25833,50543,14313,26116,14287,36230,11829
25850,50571,14317,26172,14302,36254,11870
25867,50629,14331,26235,14317,36298,11918
25883,50675,14322,26306,14319,36353,11987
25900,50733,14326,26371,14309,36407,12062
25917,50787,14317,26437,14300,36470,12137
25933,50855,14332,26521,14308,36523,12213
25950,50933,14336,26612,14320,36597,12292
25967,51003,14348,26708,14331,36655,12377
25983,51050,14356,26783,14343,36694,12440
26000,51112,14351,26836,14331,36761,12505
26017,51149,14347,26904,14334,36802,12570
26033,51197,14348,26948,14328,36849,12620
26050,51252,14363,27020,14349,36889,12671
26067,51309,14378,27090,14359,36931,12731
26083,51344,14378,27143,14364,36966,12779
26100,51384,14378,27177,14358,37006,12819
26117,51403,14373,27220,14353,37030,12867
26133,51452,14374,27263,14361,37078,12902
26150,51506,14388,27340,14369,37118,12971
26167,51554,14398,27410,14381,37156,13029
26183,51609,14402,27482,14395,37207,13087
26200,51594,14388,27455,14374,37206,13081
26217,51471,14365,27285,14353,37106,12932
26233,51135,14351,26879,14327,36784,12552
26250,50780,14336,26422,14319,36444,12103
26267,50425,14325,25919,14304,36100,11615
26283,50092,14309,25553,14295,35783,11258
26300,49921,14289,25332,14271,35632,11061
26317,49835,14270,25225,14256,35565,10969
26334,49807,14263,25195,14241,35544,10954
26350,49822,14272,25210,14258,35550,10952
26367,49841,14273,25233,14259,35568,10974
26384,49870,14270,25266,14261,35600,11005
26399,49880,14260,25295,14255,35620,11040
26416,49940,14265,25345,14244,35675,11101
26433,50032,14261,25461,14252,35771,11209
26449,50113,14278,25572,14263,35835,11309
26466,50187,14284,25644,14270,35903,11374
26483,50235,14279,25731,14261,35956,11470
26499,50266,14272,25750,14263,35994,11487
26516,50293,14275,25771,14259,36018,11512
26533,50306,14272,25794,14261,36034,11533
26549,50330,14283,25824,14267,36047,11557
26566,50356,14289,25859,14270,36067,11589
26583,50397,14292,25921,14272,36105,11649
26599,50429,14282,25953,14272,36147,11681
26616,50480,14277,26016,14267,36203,11749
26633,50549,14283,26090,14274,36266,11816
26649,50621,14298,26188,14275,36323,11913
26666,50700,14305,26283,14295,36395,11988
26683,50763,14312,26378,14291,36451,12087
26699,50819,14303,26437,14292,36516,12145
26716,50876,14303,26504,14289,36573,12215
26733,50936,14306,26582,14299,36630,12283
26749,51008,14326,26667,14305,36682,12362
26766,51069,14330,26733,14321,36739,12412
26783,51110,14336,26804,14311,36774,12493
26799,51146,14329,26849,14311,36817,12538
26816,51184,14328,26896,14310,36856,12586
26833,51229,14331,26938,14315,36898,12623
26849,51274,14344,27013,14329,36930,12684
26866,51330,14349,27068,14343,36981,12725
26883,51367,14360,27128,14338,37007,12790
26899,51400,14351,27173,14339,37049,12834
26916,51454,14355,27206,14338,37099,12868
26933,51480,14353,27254,14336,37127,12918
26949,51470,14367,27223,14345,37103,12878
26966,51297,14350,27015,14338,36947,12677
26983,50969,14332,26521,14320,36637,12201
26999,50586,14302,26032,14281,36284,11751
27016,50201,14277,25590,14257,35924,11333
27033,49951,14257,25246,14243,35694,11003
27049,49819,14258,25106,14242,35561,10864
27066,49783,14252,25065,14243,35531,10822
27083,49778,14255,25067,14240,35523,10827
27099,49784,14244,25069,14230,35540,10839
27116,49808,14235,25110,14223,35573,10887
27133,49851,14234,25164,14214,35617,10950
27149,49929,14245,25256,14230,35684,11026
27166,50017,14254,25363,14243,35763,11120
27183,50102,14264,25492,14248,35838,11244
27199,50185,14257,25570,14244,35928,11326
27216,50230,14253,25640,14234,35977,11406
27233,50277,14247,25690,14233,36030,11457
27249,50311,14257,25727,14246,36054,11481
27266,50335,14268,25756,14252,36067,11504
27283,50348,14268,25772,14257,36080,11515
27299,50358,14254,25782,14243,36104,11539
27316,50382,14252,25799,14242,36130,11557
27333,50425,14252,25870,14243,36173,11627
27350,50486,14269,25945,14249,36217,11696
27366,50552,14275,26020,14260,36277,11760
27383,50618,14287,26116,14268,36331,11848
27400,50679,14276,26179,14263,36403,11916
27415,50722,14272,26270,14264,36450,12006
27432,50802,14276,26338,14268,36526,12070
27449,50871,14292,26437,14277,36579,12160
27465,50940,14306,26517,14293,36634,12224
27482,50992,14318,26586,14294,36674,12292
27499,51032,14305,26643,14284,36727,12359
27515,51074,14299,26695,14285,36775,12410
27532,51118,14297,26760,14291,36821,12469
27549,51181,14322,26823,14308,36859,12515
27565,51231,14336,26885,14313,36895,12572
27582,51271,14333,26934,14314,36938,12620
27599,51302,14324,26980,14314,36978,12666
27615,51331,14324,27015,14303,37007,12712
27632,51380,14327,27078,14311,37053,12767
27649,51432,14341,27142,14328,37091,12814
27665,51480,14354,27202,14338,37126,12864
27682,51523,14363,27246,14344,37160,12902
27699,51531,14350,27268,14331,37181,12937
27715,51458,14335,27153,14323,37123,12830
27732,51229,14319,26870,14307,36910,12563
27749,50893,14305,26347,14293,36588,12054
27765,50526,14301,25887,14275,36225,11612
27782,50177,14277,25494,14261,35900,11233
27799,49965,14254,25216,14235,35711,10981
27815,49875,14238,25116,14222,35637,10894
27832,49861,14230,25111,14215,35631,10896
27849,49906,14236,25166,14221,35670,10945
27865,49959,14254,25241,14234,35705,11007
27882,50034,14252,25325,14234,35782,11091
27899,50100,14242,25430,14229,35858,11201
27915,50201,14240,25542,14224,35961,11318
27932,50293,14236,25670,14226,36057,11444
27949,50392,14260,25791,14240,36132,11551
27965,50463,14272,25886,14253,36191,11633
27982,50507,14271,25931,14255,36236,11676
27999,50512,14262,25942,14246,36250,11696
28015,50518,14246,25939,14242,36272,11697
28032,50512,14253,25934,14233,36259,11701
28049,50528,14257,25950,14241,36271,11709
28065,50563,14268,25984,14249,36295,11735
28082,50606,14271,26031,14252,36335,11779
28099,50638,14264,26091,14250,36374,11841
28115,50688,14257,26140,14246,36431,11894
28132,50741,14260,26214,14247,36481,11967
28149,50820,14282,26309,14254,36538,12055
28165,50889,14296,26404,14274,36593,12130
28182,50955,14299,26474,14280,36656,12194
28199,51002,14293,26547,14280,36709,12267
28215,51053,14290,26608,14269,36763,12339
28232,51092,14292,26665,14276,36800,12389
28249,51155,14312,26755,14291,36843,12464
28265,51217,14319,26815,14301,36898,12514
28282,51259,14324,26866,14308,36935,12558
28299,51285,14314,26918,14307,36971,12611
28315,51322,14309,26961,14296,37013,12665
28332,51361,14317,27010,14295,37044,12715
28349,51408,14329,27071,14309,37079,12762
28366,51451,14339,27125,14322,37112,12803
28382,51496,14347,27171,14328,37149,12843
28399,51521,14344,27221,14330,37177,12891
28416,51574,14336,27259,14322,37238,12937
28431,51600,14350,27305,14325,37250,12980
28448,51637,14356,27360,14336,37281,13024
28465,51640,14362,27344,14347,37278,12997
28481,51517,14346,27163,14338,37171,12825
28498,51193,14318,26756,14306,36875,12450
28515,50832,14291,26237,14276,36541,11961
28531,50496,14275,25806,14253,36221,11553
28548,50201,14269,25494,14250,35932,11244
28565,50066,14257,25294,14246,35809,11048
28581,50001,14252,25251,14242,35749,11009
28598,50004,14237,25242,14221,35767,11021
28615,50038,14231,25294,14218,35807,11076
28631,50093,14238,25371,14217,35855,11154
28648,50175,14248,25468,14229,35927,11239
28665,50266,14258,25588,14246,36008,11342
28681,50350,14259,25710,14248,36091,11462
28698,50449,14264,25808,14241,36185,11567
28715,50513,14256,25910,14239,36257,11671
28731,50574,14261,25978,14238,36313,11740
28748,50610,14264,26026,14255,36346,11771
28765,50632,14273,26042,14257,36359,11785
28781,50631,14268,26045,14262,36363,11783
28798,50632,14268,26039,14251,36364,11788
28815,50641,14268,26050,14244,36373,11806
28831,50668,14265,26081,14238,36403,11843
28848,50723,14270,26147,14257,36453,11890
28865,50785,14282,26225,14268,36503,11957
28881,50847,14281,26306,14275,36566,12031
28898,50889,14278,26365,14269,36611,12096
28915,50934,14276,26440,14260,36658,12180
28931,51003,14287,26516,14266,36716,12250
28948,51076,14297,26602,14282,36779,12320
28965,51138,14314,26682,14289,36824,12393
28981,51193,14312,26753,14304,36881,12449
28998,51231,14313,26794,14294,36918,12500
29015,51262,14307,26845,14293,36955,12552
29031,51310,14317,26912,14292,36993,12620
29048,51367,14331,26969,14306,37036,12663
29065,51406,14346,26986,14325,37060,12661
29081,51399,14340,26819,14328,37059,12491
29098,51351,14321,26561,14304,37030,12257
29115,51350,14318,26428,14298,37032,12130
29131,51439,14373,26495,14352,37066,12143
29148,51605,14455,26659,14437,37150,12222
29165,51718,14467,26855,14451,37251,12404
29181,51792,14461,27001,14445,37331,12556
29198,51835,14465,27160,14448,37370,12712
29215,51766,14454,27117,14440,37312,12677
29231,51500,14451,26888,14425,37049,12463
29248,51185,14443,26532,14430,36742,12102
29265,50834,14440,26076,14419,36394,11657
29281,50478,14421,25710,14410,36057,11300
29298,50253,14399,25452,14382,35854,11070
29315,50118,14383,25299,14369,35735,10930
29331,50048,14377,25240,14362,35671,10878
29348,50036,14383,25234,14369,35653,10865
29365,50046,14394,25269,14374,35652,10895
29382,50064,14382,25294,14381,35682,10913
29398,50089,14384,25336,14367,35705,10969
29415,50131,14376,25408,14363,35755,11045
29432,50221,14382,25508,14365,35839,11143
29447,50311,14397,25639,14384,35914,11255
29464,50391,14410,25746,14396,35981,11350
29481,50443,14412,25817,14391,36031,11426
29497,50482,14403,25858,14388,36079,11470
29514,50503,14399,25877,14385,36104,11492
29531,50530,14405,25903,14390,36125,11513
29547,50551,14408,25936,14396,36143,11540
29564,50577,14411,25973,14401,36166,11572
29581,50606,14415,26013,14397,36191,11616
29597,50641,14408,26061,14396,36233,11665
29614,50687,14403,26118,14388,36284,11730
29631,50755,14408,26190,14388,36347,11802
29647,50816,14425,26282,14403,36391,11879
29664,50883,14430,26371,14421,36453,11950
29681,50935,14434,26448,14426,36501,12022
29697,50977,14431,26499,14418,36546,12081
29714,51028,14436,26566,14422,36592,12144
29731,51082,14436,26620,14415,36646,12205
29747,51139,14450,26688,14438,36689,12250
29764,51198,14458,26761,14443,36740,12318
29781,51231,14469,26823,14450,36762,12373
29797,51266,14459,26862,14447,36807,12415
29814,51292,14457,26895,14445,36835,12450
29831,51341,14462,26955,14438,36879,12517
29847,51387,14478,27014,14460,36909,12554
29864,51421,14482,27064,14469,36939,12595
29881,51469,14490,27121,14480,36979,12641
29897,51504,14483,27162,14469,37021,12693
29914,51526,14486,27193,14469,37040,12724
29931,51556,14488,27237,14466,37068,12771
29947,51545,14501,27218,14481,37044,12737
29964,51431,14488,27040,14476,36943,12564
29981,51179,14474,26667,14456,36705,12211
29997,50790,14442,26206,14425,36348,11781
