Tiempo (ms),IR,AMB_IR,RED,AMB_RED,IR_net,RED_net
3016,61580,24194,56308,24183,37386,32125
3031,61617,24180,56359,24170,37437,32189
3048,61673,24178,56444,24170,37495,32274
3065,61761,24193,56571,24186,37568,32385
3081,61842,24202,56671,24199,37640,32472
3098,61913,24215,56790,24207,37698,32583
3115,61988,24205,56875,24202,37783,32673
3131,62040,24204,56965,24197,37836,32768
3148,62105,24205,57067,24196,37900,32871
3165,62188,24227,57170,24215,37961,32955
3181,62271,24240,57277,24241,38031,33036
3198,62348,24263,57394,24257,38085,33137
3215,62409,24260,57454,24253,38149,33201
3231,62440,24254,57530,24245,38186,33285
3248,62494,24246,57610,24240,38248,33370
3265,62585,24269,57728,24261,38316,33467
3281,62665,24273,57829,24270,38392,33559
3298,62682,24278,57851,24276,38404,33575
3315,62457,24246,57534,24240,38211,33294
3331,62052,24184,56927,24177,37868,32750
3348,61696,24144,56357,24134,37552,32223
3365,61475,24126,56077,24111,37349,31966
3381,61397,24110,55958,24106,37287,31852
3398,61402,24116,55966,24107,37286,31859
3415,61445,24108,56032,24106,37337,31926
3431,61504,24104,56122,24089,37400,32033
3448,61595,24106,56276,24103,37489,32173
3465,61724,24131,56420,24124,37593,32296
3481,61834,24154,56587,24148,37680,32439
3498,61951,24168,56770,24164,37783,32606
3515,62054,24174,56899,24172,37880,32727
3531,62102,24171,56958,24160,37931,32798
3548,62116,24160,57007,24155,37956,32852
3565,62119,24183,57004,24172,37936,32832
3581,62102,24182,56964,24180,37920,32784
3598,62081,24192,56904,24186,37889,32718
3615,62056,24179,56892,24180,37877,32712
3631,62055,24169,56874,24163,37886,32711
3648,62072,24164,56921,24158,37908,32763
3665,62133,24183,56992,24170,37950,32822
3681,62198,24192,57093,24191,38006,32902
3698,62271,24214,57186,24203,38057,32983
3715,62346,24208,57265,24213,38138,33052
3731,62401,24213,57372,24206,38188,33166
3748,62467,24208,57464,24208,38259,33256
3765,62562,24231,57573,24223,38331,33350
3781,62646,24248,57716,24247,38398,33469
3798,62732,24270,57820,24254,38462,33566
3815,62803,24265,57901,24263,38538,33638
3831,62854,24261,58001,24252,38593,33749
3848,62908,24263,58072,24260,38645,33812
3865,62987,24278,58170,24271,38709,33899
3881,63060,24294,58273,24295,38766,33978
3898,63142,24315,58372,24305,38827,34067
3915,63218,24318,58484,24310,38900,34174
3931,63234,24307,58509,24297,38927,34212
3948,63079,24273,58256,24267,38806,33989
3965,62692,24240,57713,24243,38452,33470
3982,62364,24226,57134,24218,38138,32916
3998,62157,24210,56865,24196,37947,32669
4015,62044,24193,56734,24185,37851,32549
4032,62015,24174,56711,24164,37841,32547
4047,62054,24167,56756,24157,37887,32599
4064,62132,24181,56875,24172,37951,32703
4081,62244,24208,57025,24193,38036,32832
4097,62361,24222,57175,24215,38139,32960
4114,62461,24236,57333,24228,38225,33105
4131,62574,24236,57472,24234,38338,33238
4147,62661,24238,57607,24236,38423,33371
4164,62748,24265,57741,24255,38483,33486
4181,62801,24280,57808,24277,38521,33531
4197,62815,24298,57827,24292,38517,33535
4214,62790,24290,57781,24282,38500,33499
4231,62735,24263,57694,24259,38472,33435
4247,62693,24254,57642,24240,38439,33402
4264,62700,24255,57642,24242,38445,33400
4281,62722,24262,57664,24254,38460,33410
4297,62759,24262,57733,24259,38497,33474
4314,62803,24254,57803,24253,38549,33550
4331,62860,24249,57855,24248,38611,33607
4347,62912,24263,57933,24249,38649,33684
4364,63002,24277,58069,24267,38725,33802
4381,63094,24309,58182,24294,38785,33888
4397,63182,24323,58295,24316,38859,33979
4414,63248,24325,58402,24323,38923,34079
4431,63323,24322,58484,24323,39001,34161
4447,63376,24324,58577,24316,39052,34261
4464,63463,24347,58693,24330,39116,34363
4481,63544,24370,58796,24364,39174,34432
4497,63624,24390,58919,24386,39234,34533
4514,63680,24396,58989,24402,39284,34587
4531,63741,24385,59057,24381,39356,34676
4547,63792,24385,59148,24379,39407,34769
4564,63840,24403,59204,24388,39437,34816
4581,63669,24399,58975,24387,39270,34588
4597,63299,24361,58339,24357,38938,33982
4614,62937,24314,57824,24311,38623,33513
4631,62685,24267,57504,24264,38418,33240
4647,62581,24241,57345,24232,38340,33113
4664,62578,24249,57344,24232,38329,33112
4681,62628,24254,57425,24246,38374,33179
4697,62707,24270,57547,24270,38437,33277
4714,62802,24280,57667,24283,38522,33384
4731,62896,24271,57787,24272,38625,33515
4747,62963,24272,57923,24265,38691,33658
4764,63073,24288,58056,24278,38785,33778
4781,63177,24311,58206,24304,38866,33902
4797,63247,24326,58303,24320,38921,33983
4814,63273,24324,58342,24316,38949,34026
4831,63261,24300,58330,24295,38961,34035
4847,63218,24286,58270,24277,38932,33993
4864,63202,24283,58233,24271,38919,33962
4881,63188,24285,58204,24288,38903,33916
4897,63197,24303,58213,24302,38894,33911
4914,63219,24303,58247,24303,38916,33944
4931,63247,24298,58284,24290,38949,33994
4947,63289,24293,58351,24288,38996,34063
4964,63349,24316,58422,24305,39033,34117
4981,63441,24339,58529,24331,39102,34198
4997,63520,24356,58636,24352,39164,34284
5014,63576,24356,58719,24352,39220,34367
5031,63636,24352,58789,24344,39284,34445
5048,63666,24346,58861,24334,39320,34527
5063,63724,24349,58926,24345,39375,34581
5080,63790,24366,59015,24357,39424,34658
5097,63854,24387,59096,24376,39467,34720
5113,63910,24390,59163,24381,39520,34782
5130,63945,24386,59218,24378,39559,34840
5147,64000,24372,59293,24370,39628,34923
5163,64064,24388,59392,24385,39676,35007
5180,64135,24407,59478,24402,39728,35076
5197,64117,24427,59461,24405,39690,35056
5213,63858,24387,59070,24384,39471,34686
5230,63477,24335,58451,24332,39142,34119
5247,63174,24297,58062,24292,38877,33770
5263,63031,24284,57861,24279,38747,33582
5280,62984,24282,57779,24276,38702,33503
5297,62995,24294,57799,24284,38701,33515
5313,63034,24287,57862,24278,38747,33584
5330,63096,24284,57959,24276,38812,33683
5347,63179,24274,58054,24269,38905,33785
5363,63274,24292,58191,24284,38982,33907
5380,63374,24311,58343,24298,39063,34045
5397,63482,24326,58475,24318,39156,34157
5413,63543,24328,58569,24318,39215,34251
5430,63565,24308,58607,24308,39257,34299
5447,63563,24299,58618,24298,39264,34320
5463,63555,24300,58599,24292,39255,34307
5480,63530,24302,58545,24297,39228,34248
5497,63495,24309,58492,24302,39186,34190
5513,63477,24303,58478,24292,39174,34186
5530,63464,24286,58477,24285,39178,34192
5547,63484,24275,58481,24269,39209,34212
5563,63525,24274,58553,24272,39251,34281
5580,63583,24294,58614,24285,39289,34329
5597,63652,24311,58712,24300,39341,34412
5613,63698,24305,58789,24297,39393,34492
5630,63752,24306,58846,24304,39446,34542
5647,63837,24330,58952,24326,39507,34626
5663,63945,24383,59060,24381,39562,34679
5680,64019,24419,59151,24409,39600,34742
5697,64073,24435,59234,24419,39638,34815
5713,64118,24433,59286,24419,39685,34867
5730,64136,24408,59325,24409,39728,34916
5747,64166,24392,59375,24384,39774,34991
5763,64191,24380,59407,24382,39811,35025
5780,64241,24394,59482,24378,39847,35104
5797,64293,24395,59566,24387,39898,35179
5813,64348,24403,59634,24393,39945,35241
5830,64342,24387,59624,24384,39955,35240
5847,64134,24354,59334,24346,39780,34988
5863,63803,24310,58778,24312,39493,34466
5880,63531,24292,58388,24282,39239,34106
5897,63341,24274,58162,24272,39067,33890
5913,63260,24266,58036,24256,38994,33780
5930,63225,24244,58022,24250,38981,33772
5947,63267,24244,58048,24225,39023,33823
5963,63332,24246,58161,24240,39086,33921
5980,63426,24267,58278,24255,39159,34023
5997,63527,24282,58412,24281,39245,34131
6014,63590,24294,58517,24284,39296,34233
6030,63642,24276,58608,24276,39366,34332
6047,63707,24284,58676,24267,39423,34409
6064,63734,24276,58725,24269,39458,34456
6079,63756,24291,58751,24285,39465,34466
6096,63758,24300,58737,24288,39458,34449
6113,63722,24290,58693,24291,39432,34402
6129,63674,24274,58609,24264,39400,34345
6146,63632,24252,58561,24245,39380,34316
6163,63639,24260,58573,24244,39379,34329
6179,63664,24262,58601,24261,39402,34340
6196,63704,24273,58650,24272,39431,34378
6213,63752,24277,58704,24274,39475,34430
6229,63777,24276,58746,24267,39501,34479
6246,63812,24271,58820,24262,39541,34558
6263,63867,24277,58880,24266,39590,34614
6279,63927,24294,58957,24285,39633,34672
6296,63992,24309,59037,24306,39683,34731
6313,64043,24310,59094,24309,39733,34785
6329,64068,24308,59131,24294,39760,34837
6346,64085,24293,59183,24290,39792,34893
6363,64123,24307,59233,24292,39816,34941
6379,64176,24310,59291,24308,39866,34983
6396,64222,24325,59340,24314,39897,35026
6413,64263,24325,59404,24318,39938,35086
6429,64280,24318,59434,24307,39962,35127
6446,64304,24302,59457,24300,40002,35157
6463,64338,24309,59527,24294,40029,35233
6479,64364,24312,59543,24308,40052,35235
6496,64258,24309,59338,24296,39949,35042
6513,63933,24270,58904,24266,39663,34638
6529,63652,24227,58470,24215,39425,34255
6546,63462,24185,58224,24184,39277,34040
6563,63354,24180,58099,24170,39174,33929
6579,63354,24183,58082,24176,39171,33906
6596,63388,24196,58153,24187,39192,33966
6613,63465,24194,58233,24200,39271,34033
6629,63534,24202,58365,24188,39332,34177
6646,63597,24190,58438,24190,39407,34248
6663,63684,24204,58557,24193,39480,34364
6679,63775,24221,58686,24217,39554,34469
6696,63842,24237,58772,24231,39605,34541
6713,63882,24235,58838,24230,39647,34608
6729,63868,24225,58819,24215,39643,34604
6746,63834,24206,58766,24203,39628,34563
6763,63791,24197,58696,24190,39594,34506
6779,63765,24205,58642,24199,39560,34443
6796,63746,24213,58623,24205,39533,34418
6813,63739,24210,58613,24200,39529,34413
6829,63736,24193,58629,24186,39543,34443
6846,63747,24179,58655,24173,39568,34482
6863,63785,24176,58691,24171,39609,34520
6879,63838,24190,58765,24181,39648,34584
6896,63891,24205,58836,24194,39686,34642
6913,63948,24215,58896,24206,39733,34690
6929,63979,24205,58948,24191,39774,34757
6946,64000,24186,58988,24182,39814,34806
6963,64050,24189,59051,24185,39861,34866
6979,64108,24212,59117,24201,39896,34916
6996,64160,24228,59186,24217,39932,34969
7013,64198,24226,59232,24217,39972,35015
7030,64221,24224,59281,24215,39997,35066
7046,64227,24209,59298,24203,40018,35095
7063,64263,24207,59344,24202,40056,35142
7080,64316,24223,59409,24213,40093,35196
7095,64362,24238,59450,24230,40124,35220
7112,64411,24244,59543,24237,40167,35306
7129,64440,24226,59572,24221,40214,35351
7145,64364,24215,59470,24209,40149,35261
7162,64137,24188,59087,24172,39949,34915
7179,63832,24167,58697,24156,39665,34541
7195,63646,24145,58421,24139,39501,34282
7212,63523,24129,58248,24129,39394,34119
7229,63464,24101,58166,24102,39363,34064
7245,63458,24091,58167,24081,39367,34086
7262,63500,24093,58248,24085,39407,34163
7279,63597,24118,58361,24111,39479,34250
7295,63701,24137,58507,24129,39564,34378
7312,63797,24148,58633,24142,39649,34491
7329,63891,24138,58765,24137,39753,34628
7345,63960,24141,58890,24131,39819,34759
7362,64013,24143,58963,24129,39870,34834
7379,64037,24157,58999,24143,39880,34856
7395,64029,24159,58958,24153,39870,34805
7412,63980,24160,58893,24152,39820,34741
7429,63918,24132,58788,24133,39786,34655
7445,63850,24118,58715,24109,39732,34606
7462,63830,24108,58684,24104,39722,34580
7479,63848,24128,58711,24117,39720,34594
7495,63884,24135,58750,24131,39749,34619
7512,63919,24140,58811,24134,39779,34677
7529,63945,24126,58852,24119,39819,34733
7545,63984,24120,58911,24111,39864,34800
7562,64030,24119,58964,24108,39911,34856
7579,64097,24135,59062,24128,39962,34934
7595,64155,24148,59135,24141,40007,34994
7612,64209,24157,59206,24153,40052,35053
7629,64246,24157,59242,24142,40089,35100
7645,64268,24138,59303,24127,40130,35176
7662,64301,24136,59354,24129,40165,35225
7679,64357,24148,59419,24144,40209,35275
7695,64412,24168,59507,24165,40244,35342
7712,64462,24178,59545,24177,40284,35368
7729,64510,24176,59605,24166,40334,35439
7745,64544,24165,59660,24155,40379,35505
7762,64564,24161,59684,24155,40403,35529
7779,64475,24159,59575,24161,40316,35414
7795,64235,24145,59141,24145,40090,34996
7812,63945,24114,58751,24109,39831,34642
7829,63709,24087,58446,24076,39622,34370
7845,63577,24052,58276,24039,39525,34237
7862,63533,24040,58225,24027,39493,34198
7879,63560,24043,58262,24035,39517,34227
7895,63620,24057,58352,24050,39563,34302
7912,63700,24071,58463,24067,39629,34396
7929,63798,24083,58574,24067,39715,34507
7945,63880,24070,58740,24057,39810,34683
7962,63982,24078,58878,24065,39904,34813
7979,64103,24096,59022,24093,40007,34929
7995,64182,24114,59120,24115,40068,35005
8012,64201,24121,59145,24115,40080,35030
8029,64159,24112,59089,24099,40047,34990
8046,64075,24088,58978,24076,39987,34902
8062,64009,24067,58869,24063,39942,34806
8079,63957,24071,58822,24069,39886,34753
8096,63955,24078,58784,24079,39877,34705
8111,63957,24079,58810,24080,39878,34730
8128,63968,24073,58824,24070,39895,34754
8145,64000,24064,58863,24060,39936,34803
8161,64040,24063,58917,24057,39977,34860
8178,64104,24088,59009,24075,40016,34934
8195,64165,24103,59098,24101,40062,34997
8211,64229,24112,59179,24107,40117,35072
8228,64263,24104,59235,24104,40159,35131
8245,64314,24102,59288,24088,40212,35200
8261,64357,24103,59365,24099,40254,35266
8278,64425,24119,59449,24104,40306,35345
8295,64483,24140,59526,24130,40343,35396
8311,64541,24145,59610,24140,40396,35470
8328,64582,24147,59653,24141,40435,35512
8345,64631,24135,59706,24131,40496,35575
8361,64685,24148,59794,24135,40537,35659
8378,64738,24162,59852,24148,40576,35704
8395,64647,24172,59744,24154,40475,35590
8411,64373,24141,59287,24137,40232,35150
8428,64040,24098,58828,24090,39942,34738
8445,63781,24061,58500,24047,39720,34453
8461,63646,24034,58294,24025,39612,34269
8478,63600,24036,58244,24021,39564,34223
8495,63612,24039,58278,24038,39573,34240
8511,63668,24051,58359,24045,39617,34314
8528,63717,24046,58446,24047,39671,34399
8545,63814,24048,58555,24039,39766,34516
8561,63913,24050,58707,24050,39863,34657
8578,64045,24088,58866,24072,39957,34794
8595,64154,24095,59026,24091,40059,34935
8611,64234,24117,59127,24105,40117,35022
8628,64239,24103,59147,24098,40136,35049
8645,64201,24091,59107,24089,40110,35018
8661,64141,24073,58993,24072,40068,34921
8678,64085,24084,58909,24070,40001,34839
8695,64031,24086,58839,24072,39945,34767
8711,64011,24089,58807,24078,39922,34729
8728,63996,24076,58800,24070,39920,34730
8745,64009,24071,58804,24062,39938,34742
8761,64019,24059,58845,24049,39960,34796
8778,64076,24078,58912,24067,39998,34845
8795,64138,24091,58997,24082,40047,34915
8811,64199,24109,59073,24101,40090,34972
8828,64238,24101,59143,24095,40137,35048
8845,64283,24103,59195,24085,40180,35110
8861,64329,24094,59268,24084,40235,35184
8878,64391,24117,59333,24107,40274,35226
8895,64461,24130,59436,24125,40331,35311
8911,64523,24148,59519,24137,40375,35382
8928,64563,24141,59590,24143,40422,35447
8945,64628,24148,59638,24134,40480,35504
8961,64673,24146,59732,24136,40527,35596
8978,64733,24157,59802,24146,40576,35656
8995,64674,24167,59713,24156,40507,35557
9011,64427,24147,59296,24142,40280,35154
9028,64096,24103,58857,24098,39993,34759
9045,63821,24064,58504,24051,39757,34453
9062,63661,24039,58275,24031,39622,34244
9078,63605,24035,58204,24023,39570,34181
9095,63599,24037,58211,24027,39562,34184
9112,63644,24049,58274,24041,39595,34233
9127,63686,24051,58347,24040,39635,34307
9144,63749,24035,58432,24041,39714,34391
9161,63837,24043,58545,24041,39794,34504
9177,63948,24069,58708,24059,39879,34649
9194,64064,24093,58853,24083,39971,34770
9211,64137,24105,58962,24096,40032,34866
9227,64160,24101,58994,24086,40059,34908
9244,64139,24088,58964,24081,40051,34883
9261,64075,24070,58887,24062,40005,34825
9277,64033,24082,58782,24076,39951,34706
9294,63988,24083,58722,24076,39905,34646
9311,63949,24087,58687,24078,39862,34609
9327,63930,24074,58660,24061,39856,34599
9344,63917,24056,58664,24054,39861,34610
9361,63941,24052,58683,24042,39889,34641
9377,63993,24062,58746,24060,39931,34686
9394,64040,24077,58826,24069,39963,34757
9411,64096,24089,58888,24085,40007,34803
9427,64137,24097,58945,24078,40040,34867
9444,64169,24082,59020,24076,40087,34944
9461,64219,24076,59068,24072,40143,34996
9477,64278,24091,59139,24092,40187,35047
9494,64343,24119,59238,24110,40224,35128
9511,64413,24129,59318,24125,40284,35193
9527,64460,24135,59404,24118,40325,35286
9544,64499,24123,59457,24112,40376,35345
9561,64536,24123,59485,24107,40413,35378
9577,64453,24116,59331,24112,40337,35219
9594,64196,24106,58944,24091,40090,34853
9611,63850,24072,58525,24066,39778,34459
9627,63605,24031,58149,24028,39574,34121
9644,63425,23995,57934,23991,39430,33943
9661,63331,23976,57816,23971,39355,33845
9677,63329,23976,57805,23971,39353,33834
9694,63354,23984,57851,23976,39370,33875
9711,63412,23997,57927,23995,39415,33932
9727,63465,23996,58025,23991,39469,34034
9744,63515,23992,58103,23992,39523,34111
9761,63597,23987,58190,23982,39610,34208
9777,63679,24006,58314,24000,39673,34314
9794,63737,24021,58379,24014,39716,34365
9811,63747,24020,58420,24021,39727,34399
9827,63729,24009,58368,23999,39720,34369
9844,63660,23992,58290,23984,39668,34306
9861,63596,23969,58190,23960,39627,34230
9877,63545,23967,58111,23968,39578,34143
9894,63533,23976,58083,23969,39557,34114
9911,63533,23979,58087,23978,39554,34109
9927,63519,23974,58103,23966,39545,34137
9944,63525,23958,58104,23953,39567,34151
9961,63558,23956,58134,23950,39602,34184
9977,63596,23965,58200,23952,39631,34248
9994,63652,23980,58271,23963,39672,34308
10011,63700,23985,58337,23981,39715,34356
10027,63738,23994,58388,23992,39744,34396
10044,63759,23982,58442,23973,39777,34469
10061,63805,23978,58474,23967,39827,34507
10078,63853,23985,58554,23976,39868,34578
10094,63925,24007,58632,24001,39918,34631
10111,63985,24027,58718,24016,39958,34702
10128,64017,24019,58766,24022,39998,34744
10143,63977,24015,58700,24001,39962,34699
10160,63777,23982,58375,23969,39795,34406
10177,63437,23965,57953,23946,39472,34007
10193,63179,23924,57547,23929,39255,33618
10210,62980,23906,57295,23896,39074,33399
10227,62829,23876,57111,23873,38953,33238
10243,62737,23849,57010,23834,38888,33176
10260,62718,23833,56978,23824,38885,33154
10277,62755,23837,57032,23838,38918,33194
10293,62804,23851,57122,23851,38953,33271
10310,62865,23870,57201,23854,38995,33347
10327,62912,23869,57267,23860,39043,33407
10343,62958,23861,57349,23849,39097,33500
10360,62994,23853,57401,23843,39141,33558
10377,63028,23864,57441,23856,39164,33585
10393,63038,23873,57426,23876,39165,33550
10410,63012,23885,57385,23878,39127,33507
10427,62949,23875,57286,23864,39074,33422
10443,62881,23851,57203,23835,39030,33368
10460,62830,23832,57131,23831,38998,33300
10477,62816,23842,57117,23837,38974,33280
10493,62825,23853,57133,23850,38972,33283
10510,62841,23866,57165,23853,38975,33312
10527,62865,23854,57186,23848,39011,33338
10543,62877,23846,57217,23832,39031,33385
10560,62898,23840,57258,23831,39058,33427
10577,62948,23847,57315,23845,39101,33470
10593,63000,23869,57381,23865,39131,33516
10610,63045,23882,57449,23876,39163,33573
10627,63082,23893,57486,23876,39189,33610
10643,63105,23880,57544,23866,39225,33678
10660,63137,23868,57570,23863,39269,33707
10677,63194,23887,57643,23888,39307,33755
10693,63238,23915,57712,23903,39323,33809
10710,63267,23924,57725,23912,39343,33813
10727,63111,23906,57508,23898,39205,33610
10743,62822,23858,57056,23846,38964,33210
10760,62525,23807,56664,23802,38718,32862
10777,62271,23774,56346,23778,38497,32568
10793,62110,23761,56104,23759,38349,32345
10810,62006,23749,55982,23743,38257,32239
10827,61950,23740,55919,23726,38210,32193
10843,61925,23713,55920,23701,38212,32219
10860,61934,23697,55939,23693,38237,32246
10877,61978,23706,55988,23697,38272,32291
10893,62030,23721,56062,23713,38309,32349
10910,62081,23736,56141,23727,38345,32414
10927,62122,23733,56188,23722,38389,32466
10943,62122,23719,56207,23716,38403,32491
10960,62109,23700,56183,23701,38409,32482
10977,62082,23700,56145,23701,38382,32444
10993,62046,23708,56068,23702,38338,32366
11010,61991,23707,56003,23700,38284,32303
11027,61946,23698,55933,23683,38248,32250
11043,61904,23678,55890,23676,38226,32214
11060,61890,23661,55874,23658,38229,32216
11077,61891,23660,55889,23660,38231,32229
11093,61927,23678,55930,23667,38249,32263
11110,61968,23691,55983,23680,38277,32303
11127,61991,23690,56023,23675,38301,32348
11144,62010,23675,56070,23674,38335,32396
11159,62033,23662,56099,23658,38371,32441
11176,62083,23680,56154,23667,38403,32487
11193,62127,23687,56221,23680,38440,32541
11209,62173,23701,56275,23694,38472,32581
11226,62191,23694,56316,23693,38497,32623
11243,62226,23692,56345,23682,38534,32663
11259,62240,23676,56392,23672,38564,32720
11276,62298,23697,56445,23686,38601,32759
11293,62267,23696,56391,23692,38571,32699
11309,62081,23685,56079,23679,38396,32400
11326,61796,23639,55685,23631,38157,32054
11343,61489,23596,55310,23588,37893,31722
11359,61256,23546,54971,23546,37710,31425
11376,61119,23528,54782,23518,37591,31264
11393,61018,23514,54677,23510,37504,31167
11409,60993,23516,54639,23507,37477,31132
11426,60987,23501,54660,23500,37486,31160
11443,61002,23488,54677,23476,37514,31201
11459,61022,23483,54730,23476,37539,31254
11476,61070,23495,54781,23481,37575,31300
11493,61122,23497,54863,23495,37625,31368
11509,61163,23514,54905,23511,37649,31394
11526,61171,23514,54916,23510,37657,31406
11543,61149,23502,54882,23496,37647,31386
11559,61107,23489,54832,23479,37618,31353
11576,61084,23488,54782,23478,37596,31304
11593,61040,23487,54730,23486,37553,31244
11609,61025,23494,54704,23491,37531,31213
11626,61000,23487,54685,23485,37513,31200
11643,60992,23469,54673,23463,37523,31210
11659,60993,23461,54689,23451,37532,31238
11676,61025,23466,54735,23455,37559,31280
11693,61082,23485,54794,23474,37597,31320
11709,61120,23495,54865,23487,37625,31378
11726,61155,23490,54906,23493,37665,31413
11743,61189,23489,54948,23480,37700,31468
11759,61216,23476,54986,23472,37740,31514
11776,61255,23496,55035,23478,37759,31557
11793,61298,23504,55093,23500,37794,31593
11809,61332,23519,55143,23510,37813,31633
11826,61359,23516,55180,23509,37843,31671
11843,61375,23507,55195,23495,37868,31700
11859,61405,23496,55240,23486,37909,31754
11876,61448,23505,55301,23497,37943,31804
11893,61465,23518,55325,23517,37947,31808
11909,61368,23514,55149,23498,37854,31651
11926,61096,23477,54789,23476,37619,31313
11943,60801,23427,54406,23419,37374,30987
11959,60534,23379,54016,23377,37155,30639
11976,60326,23355,53774,23345,36971,30429
11993,60211,23338,53606,23335,36873,30271
12009,60164,23333,53539,23326,36831,30213
12026,60146,23318,53515,23320,36828,30195
12043,60146,23313,53528,23300,36833,30228
12059,60152,23294,53560,23288,36858,30272
12076,60173,23299,53594,23285,36874,30309
12093,60216,23305,53649,23305,36911,30344
12109,60262,23325,53708,23319,36937,30389
12126,60283,23323,53729,23324,36960,30405
12143,60280,23313,53721,23300,36967,30421
12160,60242,23291,53702,23284,36951,30418
12175,60219,23293,53647,23286,36926,30361
12192,60207,23299,53618,23289,36908,30329
12209,60169,23304,53596,23301,36865,30295
12225,60142,23288,53555,23287,36854,30268
12242,60126,23271,53529,23266,36855,30263
12259,60127,23264,53535,23261,36863,30274
12275,60158,23274,53589,23273,36884,30316
12292,60207,23290,53634,23276,36917,30358
12309,60241,23297,53703,23290,36944,30413
12325,60283,23302,53750,23293,36981,30457
12342,60294,23286,53792,23286,37008,30506
12359,60336,23284,53830,23274,37052,30556
12375,60371,23294,53874,23289,37077,30585
12392,60427,23310,53947,23300,37117,30647
12409,60464,23326,53996,23315,37138,30681
12425,60492,23321,54039,23316,37171,30723
12442,60499,23316,54058,23306,37183,30752
12459,60527,23306,54075,23295,37221,30780
12475,60559,23323,54122,23315,37236,30807
12492,60594,23331,54172,23324,37263,30848
12509,60634,23339,54216,23338,37295,30878
12525,60653,23351,54257,23337,37302,30920
12542,60670,23335,54287,23334,37335,30953
12559,60714,23338,54332,23325,37376,31007
12575,60761,23340,54392,23337,37421,31055
12592,60776,23349,54395,23340,37427,31055
12609,60609,23339,54193,23339,37270,30854
12625,60346,23300,53772,23292,37046,30480
12642,60044,23243,53357,23236,36801,30121
12659,59752,23193,53005,23187,36559,29818
12675,59566,23155,52735,23162,36411,29573
12692,59470,23157,52593,23139,36313,29454
12709,59413,23147,52555,23145,36266,29410
12725,59405,23141,52564,23138,36264,29426
12742,59401,23122,52570,23122,36279,29448
12759,59429,23115,52597,23104,36314,29493
12775,59449,23115,52623,23108,36334,29515
12792,59482,23133,52674,23123,36349,29551
12809,59522,23144,52718,23138,36378,29580
12825,59532,23143,52740,23144,36389,29596
12842,59528,23129,52732,23127,36399,29605
12859,59494,23117,52694,23112,36377,29582
12875,59470,23115,52651,23108,36355,29543
12892,59447,23123,52623,23114,36324,29509
12909,59436,23130,52607,23122,36306,29485
12925,59424,23123,52596,23117,36301,29479
12942,59421,23104,52584,23107,36317,29477
12959,59420,23101,52605,23090,36319,29515
12975,59453,23103,52646,23098,36350,29548
12992,59507,23123,52721,23107,36384,29614
13009,59561,23134,52794,23129,36427,29665
13025,59603,23140,52863,23133,36463,29730
13042,59634,23123,52909,23122,36511,29787
13059,59656,23118,52949,23109,36538,29840
13075,59697,23118,53012,23112,36579,29900
13092,59751,23137,53071,23134,36614,29937
13109,59800,23153,53135,23149,36647,29986
13125,59834,23162,53186,23159,36672,30027
13142,59864,23147,53221,23142,36717,30079
13159,59875,23133,53245,23125,36742,30120
13176,59906,23134,53282,23132,36772,30150
13191,59961,23158,53351,23152,36803,30199
13208,60004,23172,53409,23163,36832,30246
13225,60044,23175,53458,23159,36869,30299
13241,60069,23164,53531,23149,36905,30382
13258,60103,23152,53573,23152,36951,30421
13275,60160,23156,53647,23158,37004,30489
13291,60237,23184,53746,23178,37053,30568
13308,60302,23201,53835,23196,37101,30639
13325,60315,23205,53853,23194,37110,30659
13341,60157,23170,53601,23156,36987,30445
13358,59888,23118,53204,23116,36770,30088
13375,59575,23078,52824,23080,36497,29744
13391,59348,23051,52461,23051,36297,29410
13408,59182,23038,52253,23021,36144,29232
13425,59067,23009,52129,23006,36058,29123
13441,59026,22986,52100,22976,36040,29124
13458,59043,22980,52124,22971,36063,29153
13475,59098,22979,52214,22981,36119,29233
13491,59165,23001,52300,22999,36164,29301
13508,59228,23024,52388,23019,36204,29369
13525,59297,23031,52472,23018,36266,29454
13541,59314,23023,52518,23007,36291,29511
13558,59314,22989,52527,22984,36325,29543
13575,59308,22979,52531,22978,36329,29553
13591,59314,22995,52508,22993,36319,29515
13608,59296,23003,52488,22996,36293,29492
13625,59270,23008,52446,22994,36262,29452
13641,59225,22986,52410,22979,36239,29431
13658,59213,22965,52389,22957,36248,29432
13675,59230,22962,52433,22957,36268,29476
13691,59275,22976,52484,22973,36299,29511
13708,59335,23001,52558,22987,36334,29571
13725,59383,23005,52635,22990,36378,29645
13741,59425,22997,52718,22992,36428,29726
13758,59475,22990,52777,22982,36485,29795
13775,59518,22989,52857,22983,36529,29874
13791,59594,23012,52940,23005,36582,29935
13808,59656,23035,53033,23025,36621,30008
13825,59713,23042,53099,23036,36671,30063
13841,59738,23033,53160,23034,36705,30126
13858,59776,23020,53208,23015,36756,30193
13875,59813,23026,53262,23022,36787,30240
13891,59871,23048,53329,23030,36823,30299
13908,59918,23066,53397,23054,36852,30343
13925,59965,23074,53446,23063,36891,30383
13941,59984,23064,53495,23063,36920,30432
13958,60022,23053,53545,23050,36969,30495
13975,60059,23058,53615,23053,37001,30562
13991,60135,23086,53706,23074,37049,30632
14008,60211,23110,53814,23098,37101,30716
14025,60291,23113,53905,23110,37178,30795
14041,60335,23111,53992,23105,37224,30887
14058,60300,23099,53939,23093,37201,30846
14075,60102,23064,53676,23065,37038,30611
14091,59842,23037,53245,23028,36805,30217
14108,59571,23014,52907,23005,36557,29902
14125,59390,22988,52654,22981,36402,29673
14141,59254,22952,52480,22951,36302,29529
14158,59196,22932,52400,22923,36264,29477
14175,59197,22923,52426,22916,36274,29510
14192,59256,22938,52507,22927,36318,29580
14207,59337,22956,52632,22953,36381,29679
14224,59399,22965,52734,22965,36434,29769
14241,59479,22969,52822,22962,36510,29860
14257,59539,22971,52935,22958,36568,29977
14274,59607,22987,53010,22970,36620,30040
14291,59642,22995,53070,22995,36647,30075
14307,59654,23009,53059,23009,36645,30050
14324,59622,23009,53013,23006,36613,30007
14341,59574,22996,52947,22983,36578,29964
14357,59524,22979,52896,22967,36545,29929
14374,59519,22981,52873,22964,36538,29909
14391,59537,22989,52900,22984,36548,29916
14407,59573,23006,52963,23002,36567,29961
14424,59615,23012,53028,23011,36603,30017
14441,59665,23011,53079,23000,36654,30079
14457,59706,23006,53164,22998,36700,30166
14474,59772,23018,53249,23003,36754,30246
14491,59856,23035,53349,23027,36821,30322
14507,59935,23066,53477,23057,36869,30420
14524,59992,23067,53562,23066,36925,30496
14541,60047,23075,53625,23058,36972,30567
14557,60091,23064,53701,23063,37027,30638
14574,60153,23078,53778,23060,37075,30718
14591,60219,23090,53856,23087,37129,30769
14607,60284,23115,53947,23106,37169,30841
14624,60334,23122,54016,23122,37212,30894
14641,60363,23123,54052,23114,37240,30938
14657,60398,23115,54111,23112,37283,30999
14674,60444,23126,54186,23115,37318,31071
14691,60510,23141,54265,23132,37369,31133
14707,60588,23159,54371,23150,37429,31221
14724,60663,23174,54479,23167,37489,31312
14741,60725,23179,54555,23163,37546,31392
14757,60749,23164,54617,23163,37585,31454
14774,60634,23163,54430,23146,37471,31284
14791,60393,23139,54089,23132,37254,30957
14807,60132,23117,53666,23105,37015,30561
14824,59887,23083,53369,23078,36804,30291
14841,59727,23054,53149,23039,36673,30110
14857,59645,23021,53038,23021,36624,30017
14874,59631,23018,53037,23006,36613,30031
14891,59691,23028,53131,23029,36663,30102
14907,59771,23054,53251,23047,36717,30204
14924,59872,23062,53371,23062,36810,30309
14941,59943,23073,53477,23063,36870,30414
14957,60022,23075,53619,23065,36947,30554
14974,60119,23083,53735,23073,37036,30662
14991,60203,23108,53843,23098,37095,30745
15007,60243,23130,53898,23121,37113,30777
15024,60244,23137,53894,23129,37107,30765
15041,60200,23126,53821,23119,37074,30702
15057,60149,23103,53740,23101,37046,30639
15074,60112,23102,53716,23095,37010,30621
15091,60120,23113,53715,23107,37007,30608
15107,60151,23133,53741,23119,37018,30622
15124,60187,23136,53806,23128,37051,30678
15141,60230,23137,53849,23126,37093,30723
15157,60272,23133,53946,23132,37139,30814
15174,60342,23138,54033,23129,37204,30904
15191,60420,23157,54149,23153,37263,30996
15208,60500,23184,54274,23169,37316,31105
15223,60574,23194,54369,23174,37380,31195
15240,60624,23178,54453,23182,37446,31271
15257,60687,23184,54529,23174,37503,31355
15273,60759,23188,54619,23193,37571,31426
15290,60833,23217,54730,23209,37616,31521
15307,60909,23236,54835,23230,37673,31605
15323,60967,23251,54915,23231,37716,31684
15340,60999,23234,54955,23233,37765,31722
15357,61049,23240,55025,23230,37809,31795
15373,61106,23245,55093,23242,37861,31851
15390,61170,23273,55182,23259,37897,31923
15407,61253,23296,55283,23284,37957,31999
15423,61318,23309,55388,23304,38009,32084
15440,61374,23307,55480,23300,38067,32180
15457,61420,23296,55518,23293,38124,32225
15473,61341,23298,55374,23290,38043,32084
15490,61064,23286,55012,23272,37778,31740
15507,60760,23259,54576,23255,37501,31321
15523,60490,23224,54155,23218,37266,30937
15540,60290,23182,53909,23181,37108,30728
15557,60180,23158,53778,23149,37022,30629
15573,60155,23146,53748,23137,37009,30611
15590,60194,23155,53812,23155,37039,30657
15607,60263,23173,53914,23164,37090,30750
15623,60335,23183,54039,23175,37152,30864
15640,60430,23175,54147,23177,37255,30970
15657,60500,23180,54258,23168,37320,31090
15673,60592,23184,54414,23175,37408,31239
15690,60688,23214,54535,23206,37474,31329
15707,60754,23230,54613,23222,37524,31391
15723,60764,23238,54629,23230,37526,31399
15740,60734,23221,54564,23220,37513,31344
15757,60666,23205,54491,23190,37461,31301
15773,60623,23193,54416,23189,37430,31227
15790,60613,23211,54408,23196,37402,31212
15807,60634,23218,54429,23208,37416,31221
15823,60655,23224,54471,23217,37431,31254
15840,60692,23217,54529,23211,37475,31318
15857,60730,23214,54582,23196,37516,31386
15873,60801,23217,54688,23207,37584,31481
15890,60885,23243,54805,23229,37642,31576
15907,60975,23252,54918,23253,37723,31665
15923,61052,23268,55029,23265,37784,31764
15940,61126,23266,55115,23260,37860,31855
15957,61178,23264,55208,23254,37914,31954
15973,61247,23268,55327,23258,37979,32069
15990,61339,23290,55444,23286,38049,32158
16007,61425,23311,55536,23311,38114,32225
16023,61491,23318,55654,23315,38173,32339
16040,61550,23314,55710,23307,38236,32403
16057,61592,23317,55784,23303,38275,32481
16073,61653,23318,55872,23313,38335,32559
16090,61736,23345,55973,23335,38391,32638
16107,61819,23356,56084,23357,38463,32727
16123,61878,23368,56178,23365,38510,32813
16140,61859,23364,56129,23353,38495,32776
16157,61636,23333,55759,23317,38303,32442
16173,61268,23291,55229,23278,37977,31951
16190,60889,23264,54767,23251,37625,31516
16207,60654,23233,54391,23227,37421,31164
16224,60521,23222,54204,23211,37299,30993
16239,60426,23194,54114,23187,37232,30927
16256,60399,23170,54099,23166,37229,30933
16273,60432,23167,54153,23162,37265,30991
16289,60505,23192,54268,23181,37313,31087
16306,60594,23208,54403,23204,37386,31199
16323,60687,23228,54512,23212,37459,31300
16339,60760,23215,54640,23216,37545,31424
16356,60835,23211,54751,23203,37624,31548
16373,60910,23221,54862,23209,37689,31653
16389,60954,23237,54916,23223,37717,31693
16406,60963,23252,54921,23239,37711,31682
16423,60943,23246,54874,23241,37697,31633
16439,60886,23232,54786,23231,37654,31555
16456,60829,23205,54703,23203,37624,31500
16473,60810,23207,54679,23202,37603,31477
16489,60831,23219,54711,23209,37612,31502
16506,60864,23234,54762,23222,37630,31540
16523,60915,23242,54839,23230,37673,31609
16539,60961,23235,54924,23236,37726,31688
16556,61021,23223,54987,23221,37798,31766
16573,61092,23230,55097,23222,37862,31875
16589,61176,23260,55217,23244,37916,31973
16606,61271,23278,55347,23270,37993,32077
16623,61358,23296,55449,23286,38062,32163
16639,61420,23291,55557,23287,38129,32270
16656,61489,23284,55622,23271,38205,32351
16673,61538,23283,55714,23272,38255,32442
16689,61596,23294,55815,23275,38302,32540
16706,61656,23298,55880,23280,38358,32600
16723,61709,23291,55948,23281,38418,32667
16739,61742,23277,56012,23272,38465,32740
16756,61800,23258,56069,23258,38542,32811
16773,61854,23261,56165,23254,38593,32911
16789,61888,23277,56183,23262,38611,32921
16806,61693,23279,55923,23264,38414,32659
16823,61353,23247,55424,23239,38106,32185
16839,60953,23186,54804,23185,37767,31619
16856,60612,23129,54396,23123,37483,31273
16873,60404,23089,54137,23088,37315,31049
16889,60315,23081,54001,23069,37234,30932
16906,60289,23080,53978,23073,37209,30905
16923,60315,23087,54030,23077,37228,30953
16939,60353,23084,54108,23083,37269,31025
16956,60415,23069,54169,23062,37346,31107
16973,60478,23068,54270,23061,37410,31209
16989,60559,23087,54395,23076,37472,31319
17006,60645,23106,54509,23095,37539,31414
17023,60714,23113,54599,23103,37601,31496
17039,60734,23105,54633,23105,37629,31528
17056,60715,23089,54609,23084,37626,31525
17073,60679,23074,54554,23071,37605,31483
17089,60647,23083,54495,23068,37564,31427
17106,60610,23087,54449,23067,37523,31382
17123,60588,23079,54427,23071,37509,31356
17139,60574,23063,54406,23061,37511,31345
17156,60584,23042,54408,23043,37542,31365
17173,60605,23044,54472,23039,37561,31433
17189,60663,23061,54550,23050,37602,31500
17206,60730,23076,54639,23067,37654,31572
17223,60800,23084,54735,23077,37716,31658
17240,60853,23084,54827,23080,37769,31747
17255,60901,23070,54899,23065,37831,31834
17272,60971,23074,54978,23062,37897,31916
17289,61052,23096,55083,23091,37956,31992
17305,61122,23116,55191,23104,38006,32087
17322,61195,23122,55285,23117,38073,32168
17339,61241,23121,55351,23109,38120,32242
17355,61281,23110,55422,23110,38171,32312
17372,61343,23118,55496,23103,38225,32393
17389,61417,23124,55594,23121,38293,32473
17405,61497,23153,55695,23135,38344,32560
17422,61489,23156,55686,23150,38333,32536
17439,61273,23126,55368,23118,38147,32250
17455,60898,23075,54782,23063,37823,31719
17472,60499,23030,54291,23011,37469,31280
17489,60260,22995,53949,22990,37265,30959
17505,60094,22979,53703,22964,37115,30739
17522,59989,22960,53597,22955,37029,30642
17539,59953,22942,53544,22927,37011,30617
17555,59949,22917,53567,22913,37032,30654
17572,59993,22917,53635,22909,37076,30726
17589,60076,22930,53744,22926,37146,30818
17605,60150,22947,53850,22938,37203,30912
17622,60230,22960,53963,22952,37270,31011
17639,60284,22957,54039,22945,37327,31094
17655,60313,22941,54090,22942,37372,31148
17672,60326,22938,54102,22938,37388,31164
17689,60324,22949,54097,22943,37375,31154
17705,60306,22958,54038,22944,37348,31094
17722,60266,22952,53992,22948,37314,31044
17739,60210,22937,53919,22923,37273,30996
17755,60176,22913,53892,22913,37263,30979
17772,60181,22906,53894,22898,37275,30996
17789,60208,22919,53936,22912,37289,31024
17805,60260,22936,54008,22919,37324,31089
17822,60316,22947,54073,22943,37369,31130
17839,60351,22937,54137,22930,37414,31207
17855,60388,22923,54207,22913,37465,31294
17872,60446,22924,54290,22912,37522,31378
17889,60519,22939,54372,22931,37580,31441
17905,60598,22953,54476,22948,37645,31528
17922,60667,22977,54567,22974,37690,31593
17939,60720,22982,54650,22972,37738,31678
17955,60765,22972,54713,22972,37793,31741
17972,60828,22980,54772,22971,37848,31801
17989,60893,22993,54864,22990,37900,31874
18005,60965,23016,54964,23000,37949,31964
18022,61004,23027,55009,23017,37977,31992
18039,60916,23011,54844,22999,37905,31845
18055,60629,22963,54430,22958,37666,31472
18072,60246,22912,53954,22903,37334,31051
18089,59961,22872,53514,22872,37089,30642
18105,59749,22852,53226,22836,36897,30390
18122,59582,22831,53043,22819,36751,30224
18139,59500,22801,52928,22791,36699,30137
18155,59463,22773,52911,22768,36690,30143
18172,59490,22763,52941,22751,36727,30190
18189,59547,22776,53036,22772,36771,30264
18206,59618,22798,53124,22786,36820,30338
18222,59681,22798,53214,22793,36883,30421
18239,59728,22800,53306,22791,36928,30515
18256,59748,22786,53341,22782,36962,30559
18271,59766,22779,53343,22766,36987,30577
18288,59763,22791,53334,22779,36972,30555
18305,59744,22787,53296,22786,36957,30510
18321,59702,22790,53246,22784,36912,30462
18338,59643,22765,53159,22756,36878,30403
18355,59598,22748,53107,22738,36850,30369
18371,59588,22745,53104,22738,36843,30366
18388,59610,22762,53126,22750,36848,30376
18405,59657,22759,53181,22762,36898,30419
18421,59701,22777,53263,22770,36924,30493
18438,59755,22765,53326,22759,36990,30567
18455,59792,22762,53380,22749,37030,30631
18471,59845,22755,53480,22749,37090,30731
18488,59924,22787,53578,22768,37137,30810
18505,59998,22798,53684,22791,37200,30893
18521,60058,22809,53767,22804,37249,30963
18538,60117,22805,53836,22803,37312,31033
18555,60157,22806,53880,22789,37351,31091
18571,60197,22798,53954,22791,37399,31163
18588,60262,22818,54044,22817,37444,31227
18605,60340,22837,54146,22835,37503,31311
18621,60402,22852,54232,22844,37550,31388
18638,60442,22842,54264,22836,37600,31428
18655,60346,22821,54142,22813,37525,31329
18671,60101,22787,53738,22784,37314,30954
18688,59757,22767,53330,22751,36990,30579
18705,59496,22724,52948,22728,36772,30220
18721,59291,22700,52633,22693,36591,29940
18738,59139,22666,52450,22660,36473,29790
18755,59058,22632,52355,22626,36426,29729
18771,59045,22621,52348,22610,36424,29738
18788,59094,22634,52438,22623,36460,29815
18805,59174,22647,52543,22646,36527,29897
18821,59252,22665,52647,22659,36587,29988
18838,59315,22657,52735,22652,36658,30083
18855,59370,22660,52843,22642,36710,30201
18871,59419,22652,52902,22647,36767,30255
18888,59457,22674,52950,22664,36783,30286
18905,59464,22677,52940,22675,36787,30265
18921,59448,22696,52905,22682,36752,30223
18938,59398,22677,52821,22672,36721,30149
18955,59350,22662,52758,22649,36688,30109
18971,59316,22645,52719,22635,36671,30084
18988,59324,22666,52736,22651,36658,30085
19005,59368,22667,52790,22664,36701,30126
19021,59417,22684,52870,22676,36733,30194
19038,59467,22677,52930,22677,36790,30253
19055,59514,22676,53023,22668,36838,30355
19071,59567,22671,53095,22668,36896,30427
19088,59657,22691,53199,22689,36966,30510
19105,59732,22719,53311,22712,37013,30599
19121,59804,22735,53401,22731,37069,30670
19138,59867,22739,53479,22730,37128,30749
19155,59909,22728,53549,22718,37181,30831
19171,59960,22730,53620,22725,37230,30895
19188,60035,22748,53713,22743,37287,30970
19205,60110,22769,53816,22764,37341,31052
19222,60187,22796,53921,22778,37391,31143
19238,60257,22801,54008,22792,37456,31216
19255,60305,22797,54093,22782,37508,31311
19272,60317,22788,54084,22784,37529,31300
19287,60206,22793,53886,22779,37413,31107
19304,59909,22777,53499,22762,37132,30737
19321,59629,22738,53096,22730,36891,30366
19337,59391,22700,52723,22693,36691,30030
19354,59205,22658,52491,22653,36547,29838
19371,59112,22632,52389,22626,36480,29763
19387,59114,22644,52395,22634,36470,29761
19404,59167,22659,52466,22647,36508,29819
19421,59242,22673,52589,22662,36569,29927
19437,59314,22673,52689,22664,36641,30025
19454,59407,22668,52807,22666,36739,30141
19471,59492,22679,52936,22672,36813,30264
19487,59597,22705,53096,22696,36892,30400
19504,59663,22726,53170,22716,36937,30454
19521,59684,22731,53200,22724,36953,30476
19537,59655,22727,53141,22716,36928,30425
19554,59598,22706,53057,22702,36892,30355
19571,59535,22696,52977,22690,36839,30287
19587,59517,22706,52932,22693,36811,30239
19604,59503,22718,52929,22706,36785,30223
19621,59531,22726,52957,22713,36805,30244
19637,59554,22715,53010,22718,36839,30292
19654,59600,22707,53061,22707,36893,30354
19671,59645,22714,53125,22700,36931,30425
19687,59718,22736,53231,22724,36982,30507
19704,59791,22760,53331,22748,37031,30583
19721,59867,22772,53417,22766,37095,30651
19737,59924,22773,53522,22766,37151,30756
19754,59987,22766,53607,22762,37221,30845
19771,60042,22763,53707,22760,37279,30947
19787,60125,22789,53803,22777,37336,31026
19804,60215,22812,53915,22801,37403,31114
19821,60292,22823,54029,22819,37469,31210
19837,60357,22831,54139,22829,37526,31310
19854,60436,22831,54221,22825,37605,31396
19871,60504,22834,54336,22825,37670,31511
19887,60572,22852,54408,22844,37720,31564
19904,60522,22868,54322,22855,37654,31467
19921,60301,22853,53935,22844,37448,31091
19937,59983,22810,53505,22806,37173,30699
19954,59689,22775,53123,22761,36914,30362
19971,59508,22727,52859,22724,36781,30135
19987,59418,22723,52742,22713,36695,30029
20004,59396,22725,52737,22724,36671,30013
20021,59433,22738,52790,22734,36695,30056
20037,59490,22738,52892,22737,36752,30155
20054,59566,22740,52989,22727,36826,30262
20071,59640,22717,53137,22709,36923,30428
20087,59771,22739,53289,22727,37032,30562
20104,59896,22766,53464,22757,37130,30707
20121,59997,22786,53607,22781,37211,30826
20137,60033,22787,53656,22789,37246,30867
20154,60030,22785,53635,22776,37245,30859
20171,59976,22775,53557,22769,37201,30788
20187,59934,22778,53481,22771,37156,30710
20204,59888,22776,53414,22774,37112,30640
20221,59877,22790,53396,22788,37087,30608
20238,59876,22789,53403,22792,37087,30611
20254,59893,22786,53432,22772,37107,30660
20271,59926,22777,53500,22768,37149,30732
20288,60000,22795,53591,22780,37205,30811
20303,60072,22813,53684,22803,37259,30881
20320,60149,22828,53794,22824,37321,30970
20337,60210,22829,53875,22818,37381,31057
20353,60270,22818,53982,22814,37452,31168
20370,60338,22819,54082,22812,37519,31270
20387,60428,22844,54196,22839,37584,31357
20403,60521,22870,54319,22856,37651,31463
20420,60609,22884,54427,22879,37725,31548
20437,60682,22892,54522,22880,37790,31642
20453,60740,22887,54627,22887,37853,31740
20470,60824,22896,54737,22882,37928,31855
20487,60918,22917,54863,22911,38001,31952
20503,60990,22940,54951,22928,38050,32023
20520,60943,22947,54878,22944,37996,31934
20537,60714,22921,54552,22914,37793,31638
20553,60381,22873,54035,22870,37508,31165
20570,60070,22838,53619,22828,37232,30791
20587,59887,22817,53367,22813,37070,30554
20603,59793,22820,53220,22810,36973,30410
20620,59765,22823,53194,22819,36942,30375
20637,59780,22814,53234,22807,36966,30427
20653,59819,22800,53320,22796,37019,30524
20670,59910,22800,53439,22783,37110,30656
20687,60035,22812,53624,22805,37223,30819
20703,60175,22838,53824,22828,37337,30996
20720,60329,22866,54024,22859,37463,31165
20737,60431,22871,54177,22862,37560,31315
20753,60483,22865,54253,22857,37618,31396
20770,60500,22868,54256,22859,37632,31397
20787,60482,22873,54209,22873,37609,31336
20803,60447,22886,54141,22876,37561,31265
20820,60388,22893,54063,22886,37495,31177
20837,60350,22879,54005,22870,37471,31135
20853,60323,22868,53985,22870,37455,31115
20870,60336,22867,53997,22854,37469,31143
20887,60377,22875,54067,22870,37502,31197
20903,60443,22896,54160,22883,37547,31277
20920,60523,22908,54260,22898,37615,31362
20937,60588,22913,54377,22905,37675,31472
20953,60643,22909,54455,22908,37734,31547
20970,60714,22906,54542,22903,37808,31639
20987,60806,22924,54674,22923,37882,31751
21003,60889,22948,54790,22934,37941,31856
21020,60984,22965,54903,22960,38019,31943
21037,61063,22973,55036,22956,38090,32080
21053,61129,22961,55134,22957,38168,32177
21070,61216,22964,55225,22954,38252,32271
21087,61289,22975,55337,22969,38314,32368
21103,61296,22991,55318,22976,38305,32342
21120,61078,22979,55021,22973,38099,32048
21137,60721,22939,54451,22934,37782,31517
21153,60354,22884,53947,22879,37470,31068
21170,60060,22831,53576,22828,37229,30748
21187,59917,22818,53367,22819,37099,30548
21203,59874,22821,53309,22809,37053,30500
21220,59872,22819,53340,22814,37053,30526
21237,59911,22817,53412,22809,37094,30603
21254,59975,22816,53508,22813,37159,30695
21270,60057,22820,53628,22804,37237,30824
21287,60173,22830,53783,22827,37343,30956
21304,60291,22860,53963,22851,37431,31112
21319,60406,22886,54098,22869,37520,31229
21336,60468,22880,54205,22872,37588,31333
21353,60473,22869,54201,22856,37604,31345
21369,60444,22858,54154,22855,37586,31299
21386,60400,22869,54097,22857,37531,31240
21403,60360,22869,54035,22865,37491,31170
21419,60318,22872,53956,22862,37446,31094
21436,60288,22852,53936,22856,37436,31080
21453,60286,22857,53912,22839,37429,31073
21469,60305,22839,53958,22832,37466,31126
21486,60358,22852,54027,22844,37506,31183
21503,60418,22863,54127,22864,37555,31263
21519,60494,22884,54230,22876,37610,31354
21536,60558,22879,54305,22880,37679,31425
21553,60609,22880,54406,22867,37729,31539
21569,60673,22874,54500,22872,37799,31628
21586,60759,22899,54602,22884,37860,31718
21603,60845,22912,54729,22908,37933,31821
21619,60930,22929,54850,22917,38001,31933
21636,61019,22931,54939,22928,38088,32011
21653,61076,22926,55050,22913,38150,32137
21669,61115,22916,55097,22908,38199,32189
21686,61008,22919,54955,22902,38089,32053
21703,60712,22881,54441,22879,37831,31562
21719,60321,22829,53900,22817,37492,31083
21736,59952,22758,53449,22754,37194,30695
21753,59700,22693,53098,22684,37007,30414
21769,59552,22655,52925,22647,36897,30278
21786,59505,22648,52874,22650,36857,30224
21803,59526,22664,52905,22660,36862,30245
21819,59583,22680,53005,22667,36903,30338
21836,59643,22681,53079,22663,36962,30416
21853,59701,22676,53199,22664,37025,30535
21869,59787,22672,53317,22666,37115,30651
21886,59886,22682,53437,22681,37204,30756
21903,59968,22707,53548,22702,37261,30846
21919,60018,22722,53610,22710,37296,30900
21936,60005,22719,53588,22706,37286,30882
21953,59947,22701,53508,22685,37246,30823
21969,59875,22678,53404,22669,37197,30735
21986,59827,22670,53344,22666,37157,30678
22003,59809,22683,53298,22676,37126,30622
22019,59812,22686,53307,22676,37126,30631
22036,59820,22693,53328,22677,37127,30651
22053,59841,22672,53375,22662,37169,30713
22069,59877,22664,53427,22655,37213,30772
22086,59941,22674,53504,22669,37267,30835
22103,60018,22692,53619,22693,37326,30926
22119,60088,22716,53721,22706,37372,31015
22136,60160,22723,53799,22711,37437,31088
22153,60212,22714,53903,22701,37498,31202
22169,60259,22704,53963,22696,37555,31267
22186,60334,22711,54064,22714,37623,31350
22203,60411,22735,54171,22737,37676,31434
22219,60496,22763,54279,22757,37733,31522
22236,60562,22771,54359,22759,37791,31600
22253,60544,22753,54332,22739,37791,31593
22270,60360,22724,54024,22715,37636,31309
22286,59988,22680,53551,22680,37308,30871
22303,59664,22653,53025,22649,37011,30376
22320,59410,22627,52679,22617,36783,30062
22335,59199,22587,52422,22587,36612,29835
22352,59054,22551,52255,22547,36503,29708
22369,58998,22532,52194,22529,36466,29665
22385,59010,22531,52219,22519,36479,29700
22402,59057,22549,52298,22536,36508,29762
22419,59132,22554,52388,22553,36578,29835
22435,59189,22558,52493,22561,36631,29932
22452,59253,22548,52580,22545,36705,30035
22469,59305,22548,52673,22541,36757,30132
22485,59351,22562,52725,22553,36789,30172
22502,59375,22577,52738,22571,36798,30167
22519,59362,22583,52708,22579,36779,30129
22535,59304,22570,52635,22564,36734,30071
22552,59233,22546,52545,22539,36687,30006
22569,59180,22531,52467,22520,36649,29947
22585,59167,22533,52454,22523,36634,29931
22602,59172,22546,52467,22535,36626,29932
22619,59207,22551,52512,22547,36656,29965
22635,59240,22555,52566,22554,36685,30012
22652,59285,22542,52612,22532,36743,30080
22669,59320,22540,52693,22531,36780,30162
22685,59382,22552,52771,22539,36830,30232
22702,59447,22563,52858,22562,36884,30296
22719,59512,22581,52949,22575,36931,30374
22735,59562,22586,53027,22581,36976,30446
22752,59609,22584,53068,22571,37025,30497
22769,59643,22574,53137,22566,37069,30571
22785,59707,22590,53215,22573,37117,30642
22802,59771,22600,53313,22598,37171,30715
22819,59831,22620,53376,22610,37211,30766
22835,59849,22620,53394,22616,37229,30778
22852,59705,22596,53185,22587,37109,30598
22869,59403,22552,52719,22545,36851,30174
22885,59097,22516,52277,22492,36581,29785
22902,58794,22473,51918,22480,36321,29438
22919,58596,22451,51604,22449,36145,29155
22935,58450,22427,51441,22426,36023,29015
22952,58369,22405,51331,22390,35964,28941
22969,58349,22381,51338,22373,35968,28965
22985,58385,22385,51375,22370,36000,29005
23002,58440,22392,51465,22388,36048,29077
23019,58502,22411,51563,22405,36091,29158
23035,58563,22413,51642,22421,36150,29221
23052,58613,22418,51704,22404,36195,29300
23069,58634,22404,51749,22395,36230,29354
23085,58637,22410,51749,22392,36227,29357
23102,58624,22411,51734,22407,36213,29327
23119,58595,22420,51672,22417,36175,29255
23135,58549,22414,51606,22408,36135,29198
23152,58502,22398,51535,22391,36104,29144
23169,58468,22377,51503,22375,36091,29128
23185,58483,22382,51508,22370,36101,29138
23202,58517,22394,51560,22387,36123,29173
23219,58568,22414,51648,22404,36154,29244
23235,58607,22412,51720,22408,36195,29312
23252,58670,22415,51777,22405,36255,29372
23269,58708,22400,51863,22393,36308,29470
23286,58779,22411,51936,22396,36368,29540
23302,58852,22431,52031,22420,36421,29611
23319,58924,22452,52136,22442,36472,29694
23336,58966,22466,52215,22462,36500,29753
23351,59009,22452,52262,22452,36557,29810
23368,59059,22446,52331,22441,36613,29890
23385,59121,22464,52395,22459,36657,29936
23401,59193,22482,52509,22474,36711,30035
23418,59268,22513,52601,22493,36755,30108
23435,59317,22516,52681,22498,36801,30183
23451,59271,22495,52590,22489,36776,30101
23468,59051,22465,52273,22463,36586,29810
23485,58765,22429,51814,22428,36336,29386
23501,58507,22405,51446,22391,36102,29055
23518,58259,22379,51158,22371,35880,28787
23535,58111,22352,50939,22341,35759,28598
23551,58020,22316,50837,22316,35704,28521
23568,57999,22301,50822,22300,35698,28522
23585,58037,22303,50896,22306,35734,28590
23601,58121,22329,50994,22316,35792,28678
23618,58205,22342,51105,22339,35863,28766
23635,58278,22359,51232,22347,35919,28885
23651,58332,22346,51315,22348,35986,28967
23668,58382,22348,51362,22339,36034,29023
23685,58403,22347,51395,22346,36056,29049
23701,58412,22366,51387,22351,36046,29036
23718,58384,22371,51347,22360,36013,28987
23735,58343,22370,51282,22359,35973,28923
23751,58289,22347,51214,22346,35942,28868
23768,58262,22334,51174,22328,35928,28846
23785,58267,22331,51176,22336,35936,28840
23801,58305,22353,51235,22347,35952,28888
23818,58361,22365,51312,22359,35996,28953
23835,58415,22382,51396,22364,36033,29032
23851,58459,22373,51472,22370,36086,29102
23868,58525,22375,51536,22358,36150,29178
23885,58585,22381,51635,22381,36204,29254
23901,58667,22409,51743,22398,36258,29345
23918,58742,22431,51832,22424,36311,29408
23935,58797,22440,51925,22424,36357,29501
23951,58831,22425,51976,22422,36406,29554
23968,58879,22428,52021,22416,36451,29605
23985,58931,22430,52101,22431,36501,29670
24001,58999,22458,52183,22441,36541,29742
24018,59062,22473,52274,22468,36589,29806
24035,59122,22488,52374,22480,36634,29894
24051,59174,22479,52446,22481,36695,29965
24068,59235,22484,52505,22477,36751,30028
24085,59225,22475,52482,22475,36750,30007
24101,59098,22481,52263,22463,36617,29800
24118,58800,22453,51867,22447,36347,29420
24135,58519,22418,51430,22410,36101,29020
24151,58270,22368,51090,22361,35902,28729
24168,58083,22327,50867,22325,35756,28542
24185,58008,22311,50753,22313,35697,28440
24201,58009,22321,50766,22308,35688,28458
24218,58061,22327,50851,22325,35734,28526
24235,58122,22341,50953,22337,35781,28616
24251,58187,22336,51057,22335,35851,28722
24268,58272,22337,51152,22329,35935,28823
24285,58353,22343,51289,22336,36010,28953
24302,58442,22370,51394,22363,36072,29031
24318,58489,22388,51461,22383,36101,29078
24335,58486,22390,51432,22386,36096,29046
24352,58440,22370,51358,22364,36070,28994
24367,58380,22357,51277,22349,36023,28928
24384,58335,22364,51239,22353,35971,28886
24401,58320,22363,51190,22359,35957,28831
24417,58337,22367,51216,22367,35970,28849
24434,58362,22371,51241,22375,35991,28866
24451,58384,22367,51315,22350,36017,28965
24467,58429,22359,51365,22359,36070,29006
24484,58503,22365,51465,22362,36138,29103
24501,58585,22396,51589,22393,36189,29196
24517,58669,22413,51702,22411,36256,29291
24534,58744,22428,51784,22416,36316,29368
24551,58793,22421,51873,22412,36372,29461
24567,58836,22415,51941,22407,36421,29534
24584,58906,22423,52026,22419,36483,29607
24601,58966,22445,52109,22441,36521,29668
24617,59035,22461,52191,22453,36574,29738
24634,59090,22477,52267,22466,36613,29801
24651,59123,22469,52325,22460,36654,29865
24667,59167,22461,52393,22453,36706,29940
24684,59243,22470,52490,22466,36773,30024
24701,59324,22490,52601,22481,36834,30120
24717,59404,22517,52712,22512,36887,30200
24734,59421,22534,52707,22525,36887,30182
24751,59253,22497,52429,22492,36756,29937
24767,58957,22453,51996,22444,36504,29552
24784,58624,22407,51585,22405,36217,29180
24801,58420,22388,51245,22386,36032,28859
24817,58273,22376,51058,22363,35897,28695
24834,58193,22363,50959,22354,35830,28605
24851,58178,22342,50958,22333,35836,28625
24867,58189,22327,50999,22323,35862,28676
24884,58267,22326,51106,22323,35941,28783
24901,58375,22355,51247,22356,36020,28891
24917,58482,22384,51411,22376,36098,29035
24934,58601,22397,51560,22389,36204,29171
24951,58667,22397,51685,22385,36270,29300
24967,58706,22390,51733,22383,36316,29350
24984,58714,22390,51725,22390,36324,29335
25001,58698,22405,51685,22403,36293,29282
25017,58659,22417,51605,22401,36242,29204
25034,58609,22415,51545,22405,36194,29140
25051,58558,22400,51483,22388,36158,29095
25067,58531,22379,51454,22373,36152,29081
25084,58558,22379,51472,22371,36179,29101
25101,58610,22399,51562,22388,36211,29174
25117,58680,22417,51650,22404,36263,29246
25134,58756,22434,51763,22424,36322,29339
25151,58816,22434,51870,22427,36382,29443
25167,58877,22425,51958,22418,36452,29540
25184,58955,22432,52062,22422,36523,29640
25201,59047,22459,52184,22445,36588,29739
25217,59136,22481,52297,22469,36655,29828
25234,59212,22497,52395,22486,36715,29909
25251,59261,22492,52491,22486,36769,30005
25267,59328,22484,52551,22480,36844,30071
25284,59378,22486,52626,22477,36892,30149
25301,59443,22512,52736,22509,36931,30227
25318,59527,22541,52826,22528,36986,30298
25334,59601,22556,52925,22549,37045,30376
25351,59662,22551,53040,22550,37111,30490
25368,59722,22544,53101,22543,37178,30558
25383,59707,22548,53057,22539,37159,30518
25400,59508,22547,52783,22540,36961,30243
25417,59210,22522,52268,22521,36688,29747
25433,58897,22481,51840,22480,36416,29360
25450,58620,22440,51493,22426,36180,29067
25467,58446,22405,51255,22396,36041,28859
25483,58373,22387,51161,22375,35986,28786
25500,58375,22391,51178,22384,35984,28794
25517,58423,22410,51264,22402,36013,28862
25533,58496,22418,51385,22414,36078,28971
25550,58584,22421,51498,22410,36163,29088
25567,58661,22415,51646,22404,36246,29242
25583,58770,22427,51781,22418,36343,29363
25600,58881,22451,51918,22440,36430,29478
25617,58947,22468,51998,22465,36479,29533
25633,58954,22478,52019,22472,36476,29547
25650,58915,22464,51952,22456,36451,29496
25667,58848,22448,51847,22440,36400,29407
25683,58792,22438,51758,22428,36354,29330
25700,58766,22444,51726,22438,36322,29288
25717,58775,22455,51738,22451,36320,29287
25733,58801,22466,51764,22461,36335,29303
25750,58837,22463,51817,22454,36374,29363
25767,58872,22448,51901,22441,36424,29460
25783,58938,22449,51986,22443,36489,29543
25800,59030,22478,52122,22467,36552,29655
25817,59128,22508,52248,22497,36620,29751
25833,59206,22515,52374,22513,36691,29861
25850,59289,22521,52475,22507,36768,29968
25867,59342,22516,52579,22503,36826,30076
25883,59420,22519,52664,22509,36901,30155
25900,59505,22544,52779,22538,36961,30241
25917,59585,22566,52887,22558,37019,30329
25933,59648,22574,52984,22571,37074,30413
25950,59703,22579,53054,22565,37124,30489
25967,59757,22565,53139,22558,37192,30581
25983,59836,22580,53244,22575,37256,30669
26000,59932,22602,53364,22598,37330,30766
26017,59979,22627,53407,22614,37352,30793
26033,59876,22624,53208,22618,37252,30590
26050,59549,22590,52771,22585,36959,30186
26067,59173,22535,52192,22530,36638,29662
26083,58875,22491,51775,22479,36384,29296
26100,58668,22473,51532,22470,36195,29062
26117,58575,22465,51390,22457,36110,28933
26133,58548,22467,51361,22464,36081,28897
26150,58562,22466,51393,22451,36096,28942
26167,58610,22452,51494,22451,36158,29043
26183,58688,22454,51602,22447,36234,29155
26200,58799,22473,51753,22471,36326,29282
26217,58915,22502,51918,22491,36413,29427
26233,59027,22520,52072,22519,36507,29553
26250,59096,22532,52174,22518,36564,29656
26267,59118,22525,52220,22525,36593,29695
26283,59115,22517,52195,22506,36598,29689
26300,59097,22524,52158,22521,36573,29637
26317,59074,22545,52082,22532,36529,29550
26334,59029,22541,52047,22533,36488,29514
26350,59009,22531,52001,22524,36478,29477
26367,58995,22512,52008,22522,36483,29486
26384,59022,22521,52057,22508,36501,29549
26399,59089,22537,52135,22530,36552,29605
26416,59165,22551,52244,22545,36614,29699
26433,59243,22564,52375,22556,36679,29819
26449,59300,22567,52469,22564,36733,29905
26466,59392,22569,52559,22553,36823,30006
26483,59473,22572,52685,22563,36901,30122
26499,59565,22599,52809,22589,36966,30220
26516,59652,22614,52939,22608,37038,30331
26533,59739,22632,53057,22623,37107,30434
26549,59802,22631,53155,22628,37171,30527
26566,59875,22627,53238,22622,37248,30616
26583,59945,22630,53350,22626,37315,30724
26599,60036,22658,53468,22651,37378,30817
26616,60123,22671,53592,22670,37452,30922
26633,60198,22687,53691,22685,37511,31006
26649,60167,22680,53608,22677,37487,30931
26666,59907,22646,53241,22631,37261,30610
26683,59524,22598,52640,22595,36926,30045
26699,59180,22566,52148,22552,36614,29596
26716,58898,22531,51810,22529,36367,29281
26733,58743,22516,51566,22504,36227,29062
26749,58641,22488,51470,22479,36153,28991
26766,58617,22463,51450,22446,36154,29004
26783,58646,22449,51516,22443,36197,29073
26799,58737,22471,51637,22463,36266,29174
26816,58831,22489,51766,22485,36342,29281
26833,58932,22510,51915,22500,36422,29415
26849,59014,22509,52053,22505,36505,29548
26866,59095,22506,52147,22495,36589,29652
26883,59139,22500,52221,22496,36639,29725
26899,59171,22517,52246,22511,36654,29735
26916,59158,22519,52222,22521,36639,29701
26933,59113,22525,52140,22515,36588,29625
26949,59037,22499,52049,22498,36538,29551
26966,58986,22489,51975,22478,36497,29497
26983,58966,22476,51969,22465,36490,29504
26999,58994,22488,51989,22474,36506,29515
27016,59040,22493,52063,22491,36547,29572
27033,59100,22511,52146,22502,36589,29644
27049,59176,22505,52240,22509,36671,29731
27066,59239,22513,52333,22500,36726,29833
27083,59306,22510,52455,22505,36796,29950
27099,59404,22537,52578,22528,36867,30050
27116,59502,22556,52711,22550,36946,30161
27133,59585,22576,52833,22570,37009,30263
27149,59675,22580,52937,22577,37095,30360
27166,59729,22581,53009,22574,37148,30435
27183,59793,22585,53129,22584,37208,30545
27199,59892,22605,53250,22594,37287,30656
27216,59978,22625,53353,22622,37353,30731
27233,60058,22646,53473,22636,37412,30837
27249,60091,22640,53506,22635,37451,30871
27266,59941,22619,53276,22608,37322,30668
27283,59595,22573,52722,22568,37022,30154
27299,59173,22540,52186,22524,36633,29662
27316,58870,22497,51754,22494,36373,29260
27333,58657,22473,51428,22467,36184,28961
27350,58502,22443,51245,22433,36059,28812
27366,58430,22411,51163,22399,36019,28764
27383,58412,22393,51158,22389,36019,28769
27400,58466,22410,51241,22397,36056,28844
27415,58527,22423,51334,22411,36104,28923
27432,58613,22437,51443,22424,36176,29019
27449,58677,22436,51556,22418,36241,29138
27465,58732,22422,51643,22419,36310,29224
27482,58793,22429,51719,22417,36364,29302
27499,58838,22449,51763,22437,36389,29326
27515,58840,22461,51757,22447,36379,29310
27532,58802,22457,51703,22446,36345,29257
27549,58747,22439,51614,22430,36308,29184
27565,58679,22415,51539,22411,36264,29128
27582,58655,22409,51504,22396,36246,29108
27599,58663,22419,51514,22415,36244,29099
27615,58694,22432,51564,22418,36262,29146
27632,58746,22439,51629,22432,36307,29197
27649,58789,22442,51703,22427,36347,29276
27665,58831,22425,51777,22425,36406,29352
27682,58902,22429,51874,22422,36473,29452
27699,58990,22450,51993,22444,36540,29549
27715,59068,22472,52106,22463,36596,29643
27732,59146,22484,52208,22474,36662,29734
27749,59205,22486,52291,22472,36719,29819
27765,59255,22476,52379,22475,36779,29904
27782,59307,22480,52444,22475,36827,29969
27799,59386,22494,52557,22487,36892,30070
27815,59466,22516,52652,22509,36950,30143
27832,59548,22530,52762,22524,37018,30238
27849,59601,22533,52852,22533,37068,30319
27865,59566,22512,52782,22513,37054,30269
27882,59325,22484,52446,22480,36841,29966
27899,58981,22453,51875,22437,36528,29438
27915,58595,22415,51400,22399,36180,29001
27932,58337,22371,51024,22370,35966,28654
27949,58126,22331,50729,22328,35795,28401
27965,57987,22288,50560,22287,35699,28273
27982,57931,22273,50508,22262,35658,28246
27999,57950,22278,50535,22267,35672,28268
28015,57998,22288,50626,22280,35710,28346
28032,58062,22295,50702,22291,35767,28411
28049,58113,22301,50792,22297,35812,28495
28065,58172,22287,50863,22282,35885,28581
28082,58213,22294,50926,22277,35919,28649
28099,58247,22303,50971,22290,35944,28681
28115,58251,22316,50974,22301,35935,28673
28132,58227,22307,50945,22308,35920,28637
28149,58166,22290,50850,22291,35876,28559
28165,58101,22266,50766,22264,35835,28502
28182,58043,22255,50703,22246,35788,28457
28199,58041,22255,50682,22248,35786,28434
28215,58053,22265,50697,22260,35788,28437
28232,58094,22279,50762,22275,35815,28487
28249,58126,22276,50817,22273,35850,28544
28265,58171,22264,50873,22258,35907,28615
28282,58224,22263,50950,22255,35961,28695
28299,58299,22279,51066,22263,36020,28803
28315,58381,22299,51180,22289,36082,28891
28332,58466,22312,51298,22313,36154,28985
28349,58523,22320,51397,22319,36203,29078
28366,58598,22317,51472,22314,36281,29158
28382,58646,22317,51542,22308,36329,29234
28399,58716,22330,51652,22315,36386,29337
28416,58782,22347,51740,22341,36435,29399
28431,58853,22364,51831,22363,36489,29468
28448,58915,22374,51899,22357,36541,29542
28465,58966,22368,51994,22350,36598,29644
28481,59014,22363,52047,22351,36651,29696
28498,58980,22364,51986,22364,36616,29622
28515,58743,22353,51574,22352,36390,29222
28531,58414,22328,51098,22315,36086,28783
28548,58044,22270,50640,22260,35774,28380
28565,57783,22219,50243,22211,35564,28032
28581,57599,22182,50006,22171,35417,27835
28598,57511,22167,49909,22165,35344,27744
28615,57497,22170,49889,22168,35327,27721
28631,57532,22180,49955,22166,35352,27789
28648,57580,22176,50011,22170,35404,27841
28665,57613,22170,50092,22154,35443,27938
28681,57656,22161,50168,22151,35495,28017
28698,57733,22172,50265,22164,35561,28101
28715,57792,22193,50342,22191,35599,28151
28731,57824,22201,50373,22196,35623,28177
28748,57806,22192,50353,22186,35614,28167
28765,57757,22174,50286,22173,35583,28113
28781,57718,22159,50219,22149,35559,28070
28798,57688,22161,50192,22160,35527,28032
28815,57679,22169,50163,22157,35510,28006
28831,57691,22177,50180,22165,35514,28015
28848,57703,22170,50200,22169,35533,28031
28865,57729,22163,50251,22159,35566,28092
28881,57790,22155,50316,22153,35635,28163
28898,57855,22175,50431,22163,35680,28268
28915,57931,22201,50543,22188,35730,28355
28931,58024,22221,50664,22211,35803,28453
28948,58098,22228,50749,22213,35870,28536
28965,58148,22220,50846,22215,35928,28631
28981,58213,22210,50921,22208,36003,28713
28998,58288,22234,51026,22229,36054,28797
29015,58348,22251,51115,22241,36097,28874
29031,58412,22272,51188,22259,36140,28929
29048,58466,22277,51251,22262,36189,28989
29065,58503,22270,51332,22267,36233,29065
29081,58562,22261,51403,22257,36301,29146
29098,58640,22282,51511,22280,36358,29231
29115,58728,22308,51631,22297,36420,29334
29131,58779,22327,51685,22317,36452,29368
29148,58682,22322,51541,22305,36360,29236
29165,58402,22275,51082,22264,36127,28818
29181,58023,22224,50596,22217,35799,28379
29198,57746,22188,50205,22188,35558,28017
29215,57549,22172,49890,22164,35377,27726
29231,57417,22166,49743,22157,35251,27586
29248,57376,22163,49669,22145,35213,27524
29265,57369,22145,49690,22142,35224,27548
29281,57417,22134,49748,22132,35283,27616
29298,57479,22151,49859,22149,35328,27710
29315,57566,22179,49971,22172,35387,27799
29331,57654,22211,50083,22194,35443,27889
29348,57724,22217,50174,22204,35507,27970
29365,57763,22208,50251,22213,35555,28038
29382,57767,22201,50242,22195,35566,28047
29398,57766,22204,50240,22202,35562,28038
29415,57760,22222,50197,22211,35538,27986
29432,57714,22227,50155,22213,35487,27942
29447,57689,22216,50107,22212,35473,27895
29464,57671,22205,50072,22194,35466,27878
29481,57666,22193,50082,22186,35473,27896
29497,57704,22208,50143,22195,35496,27948
29514,57760,22222,50226,22216,35538,28010
29531,57843,22242,50325,22237,35601,28088
29547,57891,22240,50427,22238,35651,28189
29564,57962,22242,50504,22226,35720,28278
29581,58021,22237,50604,22223,35784,28381
29597,58108,22258,50719,22249,35850,28470
29614,58193,22276,50826,22269,35917,28557
29631,58263,22291,50926,22285,35972,28641
29647,58310,22295,51008,22293,36015,28715
29664,58364,22296,51058,22281,36068,28777
29681,58405,22286,51131,22280,36119,28851
29697,58480,22310,51223,22298,36170,28925
29714,58550,22320,51311,22317,36230,28994
29731,58631,22343,51431,22336,36288,29095
29747,58698,22347,51523,22340,36351,29183
29764,58754,22343,51602,22335,36411,29267
29781,58766,22334,51626,22327,36432,29299
29797,58622,22331,51410,22322,36291,29088
29814,58349,22305,51006,22306,36044,28700
29831,58037,22277,50496,22257,35760,28239
29847,57730,22222,50124,22220,35508,27904
29864,57528,22185,49850,22175,35343,27675
29881,57414,22151,49684,22143,35263,27541
29897,57367,22141,49660,22129,35226,27531
29914,57411,22147,49718,22147,35264,27571
29931,57479,22162,49822,22153,35317,27669
29947,57561,22161,49932,22158,35400,27774
29964,57627,22166,50045,22152,35461,27893
29981,57700,22152,50186,22144,35548,28042
29997,57794,22172,50303,22158,35622,28145
