Tiempo (ms),IR,AMB_IR,RED,AMB_RED,IR_net,RED_net
12009,30167,650,2225,646,29517,1579
12026,30211,655,2264,637,29556,1627
12043,30255,659,2338,645,29596,1693
12060,30288,668,2406,652,29620,1754
12076,30338,676,2452,662,29662,1790
12093,30356,679,2475,659,29677,1816
12110,30342,649,2479,654,29693,1825
12126,30352,657,2475,639,29695,1836
12143,30357,663,2485,649,29694,1836
12160,30353,665,2495,649,29688,1846
12175,30383,678,2516,663,29705,1853
12192,30384,669,2527,661,29715,1866
12209,30379,656,2530,635,29723,1895
12225,30408,659,2558,638,29749,1920
12242,30439,667,2601,647,29772,1954
12259,30456,669,2639,652,29787,1987
12275,30504,684,2685,672,29820,2013
12292,30509,673,2710,660,29836,2050
12309,30506,654,2716,634,29852,2082
12325,30534,655,2745,641,29879,2104
12342,30564,671,2782,647,29893,2135
12359,30574,663,2819,652,29911,2167
12375,30615,678,2848,667,29937,2181
12392,30621,668,2865,662,29953,2203
12409,30615,650,2870,631,29965,2239
12425,30650,655,2899,646,29995,2253
12442,30671,667,2935,646,30004,2289
12459,30650,661,2923,650,29989,2273
12475,30614,684,2822,663,29930,2159
12492,30474,672,2646,661,29802,1985
12509,30326,649,2451,630,29677,1821
12525,30228,655,2288,637,29573,1651
12542,30170,664,2197,643,29506,1554
12559,30131,662,2165,656,29469,1509
12575,30144,682,2163,663,29462,1500
12592,30139,669,2175,659,29470,1516
12609,30139,648,2188,631,29491,1557
12625,30181,657,2240,643,29524,1597
12642,30220,666,2306,642,29554,1664
12659,30254,663,2370,651,29591,1719
12675,30314,678,2428,661,29636,1767
12692,30322,669,2457,658,29653,1799
12709,30316,652,2460,636,29664,1824
12725,30342,659,2477,640,29683,1837
12742,30358,666,2494,646,29692,1848
12759,30351,664,2500,649,29687,1851
12775,30377,680,2517,668,29697,1849
12792,30379,659,2529,656,29720,1873
12809,30364,653,2528,631,29711,1897
12825,30394,662,2555,642,29732,1913
12842,30411,664,2585,644,29747,1941
12859,30440,665,2628,650,29775,1978
12875,30483,685,2667,670,29798,1997
12892,30505,669,2695,660,29836,2035
12909,30494,654,2714,634,29840,2080
12925,30528,656,2745,643,29872,2102
12942,30557,667,2784,649,29890,2135
12959,30578,675,2822,656,29903,2166
12975,30613,684,2856,667,29929,2189
12992,30628,668,2864,659,29960,2205
13009,30617,659,2876,637,29958,2239
13025,30650,660,2905,638,29990,2267
13042,30672,674,2952,647,29998,2305
13059,30689,663,2986,651,30026,2335
13075,30720,686,2997,667,30034,2330
13092,30680,669,2928,669,30011,2259
13109,30539,659,2768,638,29880,2130
13126,30412,659,2539,639,29753,1900
13142,30277,667,2360,643,29610,1717
13159,30176,664,2231,653,29512,1578
13176,30146,683,2154,662,29463,1492
13191,30103,666,2108,646,29437,1462
13208,30091,653,2096,630,29438,1466
13225,30111,655,2127,634,29456,1493
13241,30141,667,2180,643,29474,1537
13258,30185,679,2228,650,29506,1578
13275,30221,684,2284,668,29537,1616
13291,30238,667,2330,650,29571,1680
13308,30261,648,2360,632,29613,1728
13325,30289,653,2391,639,29636,1752
13341,30322,669,2431,650,29653,1781
13358,30337,676,2441,651,29661,1790
13375,30347,683,2448,665,29664,1783
13391,30334,668,2453,644,29666,1809
13408,30329,653,2451,637,29676,1814
13425,30340,658,2468,636,29682,1832
13441,30367,668,2498,647,29699,1851
13458,30393,676,2531,649,29717,1882
13475,30420,680,2564,664,29740,1900
13491,30425,665,2595,648,29760,1947
13508,30437,656,2612,630,29781,1982
13525,30464,654,2644,638,29810,2006
13541,30491,668,2676,647,29823,2029
13558,30523,678,2726,649,29845,2077
13575,30553,685,2755,664,29868,2091
13591,30557,665,2782,649,29892,2133
13608,30562,652,2781,630,29910,2151
13625,30587,650,2817,639,29937,2178
13641,30612,667,2846,648,29945,2198
13658,30639,681,2884,652,29958,2232
13675,30663,683,2910,664,29980,2246
13691,30649,672,2905,660,29977,2245
13708,30605,656,2832,639,29949,2193
13725,30514,651,2703,641,29863,2062
13741,30404,672,2516,643,29732,1873
13758,30269,679,2357,652,29590,1705
13775,30205,684,2237,664,29521,1573
13791,30135,669,2144,655,29466,1489
13808,30097,653,2111,633,29444,1478
13825,30125,654,2125,643,29471,1482
13841,30157,664,2172,642,29493,1530
13858,30179,676,2219,646,29503,1573
13875,30228,678,2280,663,29550,1617
13891,30253,668,2331,659,29585,1672
13908,30267,656,2367,630,29611,1737
13925,30315,658,2414,636,29657,1778
13941,30349,662,2460,645,29687,1815
13958,30347,673,2488,640,29674,1848
13975,30391,682,2512,668,29709,1844
13991,30374,669,2507,660,29705,1847
14008,30358,652,2496,628,29706,1868
14025,30371,652,2497,633,29719,1864
14041,30392,663,2518,639,29729,1879
14058,30402,676,2562,654,29726,1908
14075,30443,680,2595,666,29763,1929
14091,30453,668,2619,654,29785,1965
14108,30456,651,2633,636,29805,1997
14125,30470,659,2667,642,29811,2025
14141,30518,669,2718,643,29849,2075
14158,30538,678,2753,648,29860,2105
14175,30575,683,2796,664,29892,2132
14192,30581,668,2810,661,29913,2149
14207,30593,655,2820,639,29938,2181
14224,30612,663,2844,641,29949,2203
14241,30632,666,2870,650,29966,2220
14257,30665,680,2903,666,29985,2237
14274,30677,680,2941,669,29997,2272
14291,30679,669,2955,649,30010,2306
14307,30662,662,2914,646,30000,2268
14324,30598,665,2800,648,29933,2152
14341,30464,671,2632,655,29793,1977
14357,30342,676,2410,666,29666,1744
14374,30236,682,2255,667,29554,1588
14391,30150,664,2150,652,29486,1498
14407,30108,656,2093,639,29452,1454
14424,30117,658,2106,642,29459,1464
14441,30141,666,2140,647,29475,1493
14457,30177,682,2197,664,29495,1533
14474,30214,681,2257,668,29533,1589
14491,30236,673,2296,651,29563,1645
14507,30264,655,2345,636,29609,1709
14524,30302,665,2394,640,29637,1754
14541,30333,671,2439,653,29662,1786
14557,30368,681,2476,651,29687,1825
14574,30363,685,2499,667,29678,1832
14591,30357,672,2488,655,29685,1833
14607,30368,657,2484,639,29711,1845
14624,30382,664,2498,649,29718,1849
14641,30395,672,2521,657,29723,1864
14657,30417,682,2545,658,29735,1887
14674,30444,689,2582,674,29755,1908
14691,30450,674,2595,653,29776,1942
14707,30462,658,2626,641,29804,1985
14724,30489,671,2659,653,29818,2006
14741,30523,672,2702,662,29851,2040
14757,30553,685,2741,657,29868,2084
14774,30586,689,2790,672,29897,2118
14791,30586,678,2794,659,29908,2135
14807,30599,664,2821,647,29935,2174
14824,30619,668,2841,648,29951,2193
14841,30647,676,2882,666,29971,2216
14857,30679,687,2926,658,29992,2268
14874,30709,689,2968,673,30020,2295
14891,30691,676,2977,653,30015,2324
14907,30712,667,3001,642,30045,2359
14924,30740,669,3015,652,30071,2363
14941,30735,678,3020,663,30057,2357
14957,30674,690,2889,663,29984,2226
14974,30541,689,2700,672,29852,2028
14991,30387,674,2498,656,29713,1842
15007,30262,662,2307,645,29600,1662
15024,30170,669,2217,648,29501,1569
15041,30174,675,2178,659,29499,1519
15057,30180,685,2177,660,29495,1517
15074,30205,688,2207,673,29517,1534
15091,30211,676,2222,655,29535,1567
15107,30229,665,2264,644,29564,1620
15124,30264,670,2321,651,29594,1670
15141,30314,684,2386,660,29630,1726
15158,30362,691,2453,668,29671,1785
15174,30395,687,2495,676,29708,1819
15191,30401,686,2510,663,29715,1847
15208,30401,667,2524,647,29734,1877
15223,30417,670,2525,657,29747,1868
15240,30424,682,2546,660,29742,1886
15257,30442,691,2549,671,29751,1878
15273,30458,687,2565,674,29771,1891
15290,30436,672,2594,666,29764,1928
15307,30455,669,2592,646,29786,1946
15323,30489,675,2631,660,29814,1971
15340,30475,684,2679,666,29791,2013
15357,30541,694,2723,673,29847,2050
15373,30573,700,2766,677,29873,2089
15390,30564,671,2783,667,29893,2116
15407,30603,668,2800,658,29935,2142
15423,30623,679,2820,657,29944,2163
15440,30653,685,2870,663,29968,2207
15457,30690,696,2917,682,29994,2235
15473,30672,698,2953,681,29974,2272
15490,30693,675,2965,668,30018,2297
15507,30712,670,2978,653,30042,2325
15523,30755,674,3015,654,30081,2361
15540,30772,687,3055,668,30085,2387
15557,30791,694,3024,682,30097,2342
15573,30734,703,2929,691,30031,2238
15590,30602,678,2785,669,29924,2116
15607,30450,673,2585,648,29777,1937
15623,30360,680,2422,662,29680,1760
15640,30276,686,2330,671,29590,1659
15657,30260,697,2287,681,29563,1606
15673,30260,700,2282,683,29560,1599
15690,30275,670,2275,669,29605,1606
15707,30291,673,2315,652,29618,1663
15723,30329,676,2361,657,29653,1704
15740,30365,686,2426,666,29679,1760
15757,30426,697,2500,687,29729,1813
15773,30426,699,2569,684,29727,1885
15790,30446,673,2588,670,29773,1918
15807,30475,671,2609,655,29804,1954
15823,30498,676,2620,658,29822,1962
15840,30522,687,2656,670,29835,1986
15857,30538,699,2652,680,29839,1972
15873,30550,699,2663,691,29851,1972
15890,30543,677,2681,667,29866,2014
15907,30524,676,2685,651,29848,2034
15923,30565,680,2716,666,29885,2050
15940,30582,688,2754,674,29894,2080
15957,30620,696,2808,678,29924,2130
15973,30650,698,2843,683,29952,2160
15990,30674,676,2854,666,29998,2188
16007,30694,676,2907,659,30018,2248
16023,30721,685,2937,658,30036,2279
16040,30749,681,2968,667,30068,2301
16057,30776,696,3015,677,30080,2338
16073,30803,696,3058,683,30107,2375
16090,30815,674,3078,662,30141,2416
16107,30826,672,3100,653,30154,2447
16123,30850,676,3135,653,30174,2482
16140,30878,685,3165,662,30193,2503
16157,30914,699,3201,682,30215,2519
16174,30933,701,3188,697,30232,2491
16190,30925,669,3234,664,30256,2570
16207,30863,669,3165,647,30194,2518
16224,30804,683,3024,656,30121,2368
16239,30584,687,2821,666,29897,2155
16256,30537,700,2641,674,29837,1967
16273,30429,689,2477,675,29740,1802
16289,30328,667,2361,648,29661,1713
16306,30329,672,2327,649,29657,1678
16323,30338,673,2277,662,29665,1615
16339,30365,682,2395,663,29683,1732
16356,30419,695,2459,683,29724,1776
16373,30391,696,2511,660,29695,1851
16389,30450,671,2556,665,29779,1891
16406,30495,676,2609,652,29819,1957
16423,30552,669,2681,658,29883,2023
16439,30580,684,2727,665,29896,2062
16456,30619,685,2709,679,29934,2030
16473,30632,698,2765,676,29934,2089
16489,30605,671,2759,662,29934,2097
16506,30587,673,2748,644,29914,2104
16523,30620,675,2768,659,29945,2109
16539,30631,684,2778,665,29947,2113
16556,30649,702,2818,679,29947,2139
16573,30666,696,2840,675,29970,2165
16589,30665,659,2835,663,30006,2172
16606,30703,666,2887,646,30037,2241
16623,30734,679,2858,664,30055,2194
16639,30757,682,2963,662,30075,2301
16656,30797,693,2995,681,30104,2314
16673,30752,693,3022,664,30059,2358
16689,30799,669,3057,658,30130,2399
16706,30824,679,3073,654,30145,2419
16723,30864,674,3115,661,30190,2454
16739,30888,686,3156,664,30202,2492
16756,30925,701,3186,681,30224,2505
16773,30939,687,3200,674,30252,2526
16789,30926,672,3222,665,30254,2557
16806,30926,672,3233,646,30254,2587
16823,30963,675,3250,658,30288,2592
16839,30847,689,3199,669,30158,2530
16856,30833,696,3061,675,30137,2386
16873,30703,697,2866,675,30006,2191
16889,30555,659,2609,664,29896,1945
16906,30467,665,2493,653,29802,1840
16923,30431,671,2352,657,29760,1695
16939,30413,679,2424,659,29734,1765
16956,30447,694,2450,683,29753,1767
16973,30371,688,2500,657,29683,1843
16989,30466,668,2546,659,29798,1887
17006,30504,677,2589,647,29827,1942
17023,30567,669,2654,652,29898,2002
17039,30606,678,2716,662,29928,2054
17056,30654,691,2768,672,29963,2096
17073,30679,687,2795,671,29992,2124
17089,30664,659,2811,658,30005,2153
17106,30677,664,2805,647,30013,2158
17123,30689,671,2812,652,30018,2160
17139,30685,677,2829,662,30008,2167
17156,30708,695,2847,672,30013,2175
17173,30727,686,2866,667,30041,2199
17190,30704,666,2875,660,30038,2215
17206,30728,666,2892,645,30062,2247
17223,30762,670,2920,653,30092,2267
17240,30781,677,2970,659,30104,2311
17255,30820,692,3006,666,30128,2340
17272,30826,678,3024,667,30148,2357
17289,30829,662,3038,641,30167,2397
17305,30866,664,3070,637,30202,2433
17322,30889,671,3110,647,30218,2463
17339,30907,674,3147,657,30233,2490
17355,30947,685,3183,666,30262,2517
17372,30959,678,3201,662,30281,2539
17389,30947,658,3203,641,30289,2562
17405,30985,665,3233,638,30320,2595
17422,31008,671,3271,651,30337,2620
17439,31015,673,3300,656,30342,2644
17455,31005,680,3247,663,30325,2584
17472,30896,672,3096,662,30224,2434
17489,30728,656,2870,635,30072,2235
17505,30611,660,2653,639,29951,2014
17522,30500,670,2515,644,29830,1871
17539,30451,671,2450,651,29780,1799
17555,30459,686,2423,665,29773,1758
17572,30461,672,2430,662,29789,1768
17589,30454,653,2451,641,29801,1810
17605,30498,660,2507,636,29838,1871
17622,30542,672,2583,647,29870,1936
17639,30581,672,2653,653,29909,2000
17655,30639,687,2716,667,29952,2049
17672,30666,675,2748,662,29991,2086
17689,30654,657,2763,638,29997,2125
17705,30680,661,2782,641,30019,2141
17722,30693,672,2797,644,30021,2153
17739,30700,671,2824,659,30029,2165
17755,30726,687,2840,667,30039,2173
17772,30728,671,2841,660,30057,2181
17789,30710,658,2837,635,30052,2202
17805,30728,660,2855,636,30068,2219
17822,30755,673,2889,643,30082,2246
17839,30772,668,2918,654,30104,2264
17855,30811,686,2969,664,30125,2305
17872,30837,673,2997,664,30164,2333
17889,30829,655,3015,635,30174,2380
17905,30864,659,3055,637,30205,2418
17922,30898,670,3108,642,30228,2466
17939,30914,668,3149,652,30246,2497
17955,30959,686,3195,665,30273,2530
17972,30979,669,3210,665,30310,2545
17989,30963,655,3229,633,30308,2596
18005,30990,664,3241,643,30326,2598
18022,31013,669,3270,651,30344,2619
18039,31028,672,3294,656,30356,2638
18055,31060,687,3325,665,30373,2660
18072,31057,676,3306,663,30381,2643
18089,30968,657,3210,639,30311,2571
18105,30872,664,3027,642,30208,2385
18122,30729,670,2837,642,30059,2195
18139,30604,668,2643,655,29936,1988
18155,30544,685,2532,664,29859,1868
18172,30496,664,2453,666,29832,1787
18189,30451,659,2427,638,29792,1789
18206,30465,662,2425,640,29803,1785
18222,30500,666,2474,646,29834,1828
18239,30539,666,2532,657,29873,1875
18256,30591,682,2612,666,29909,1946
18271,30612,666,2669,660,29946,2009
18288,30637,656,2715,638,29981,2077
18305,30675,654,2749,640,30021,2109
18321,30702,664,2789,650,30038,2139
18338,30715,677,2798,651,30038,2147
18355,30740,685,2823,665,30055,2158
18371,30724,663,2815,658,30061,2157
18388,30716,651,2798,638,30065,2160
18405,30729,666,2812,640,30063,2172
18421,30742,669,2844,647,30073,2197
18438,30763,678,2879,657,30085,2222
18455,30796,689,2908,667,30107,2241
18471,30799,672,2930,659,30127,2271
18488,30808,660,2937,644,30148,2293
18505,30841,662,2977,645,30179,2332
18521,30868,667,3018,650,30201,2368
18538,30891,687,3060,659,30204,2401
18555,30927,685,3084,666,30242,2418
18571,30938,676,3111,665,30262,2446
18588,30942,661,3125,640,30281,2485
18605,30963,659,3158,646,30304,2512
18621,30995,676,3198,647,30319,2551
18638,31012,683,3236,660,30329,2576
18655,31046,689,3263,670,30357,2593
18671,31053,675,3289,667,30378,2622
18688,31047,659,3287,645,30388,2642
18705,31037,664,3262,644,30373,2618
18721,30970,673,3139,651,30297,2488
18738,30830,687,2952,661,30143,2291
18755,30715,684,2756,666,30031,2090
18771,30598,672,2575,658,29926,1917
18788,30517,661,2470,641,29856,1829
18805,30501,656,2438,644,29845,1794
18821,30518,671,2459,645,29847,1814
18838,30533,680,2488,656,29853,1832
18855,30571,687,2536,667,29884,1869
18871,30588,672,2577,663,29916,1914
18888,30608,659,2610,640,29949,1970
18905,30650,665,2670,640,29985,2030
18921,30698,671,2732,641,30027,2091
18938,30714,680,2777,656,30034,2121
18955,30753,687,2809,673,30066,2136
18971,30748,677,2819,664,30071,2155
18988,30732,659,2807,644,30073,2163
19005,30744,665,2791,643,30079,2148
19021,30757,673,2804,654,30084,2150
19038,30762,683,2831,662,30079,2169
19055,30795,684,2858,670,30111,2188
19071,30797,677,2878,663,30120,2215
19088,30805,658,2893,642,30147,2251
19105,30833,661,2934,643,30172,2291
19121,30875,680,2992,653,30195,2339
19138,30900,674,3028,658,30226,2370
19155,30940,684,3076,672,30256,2404
19171,30946,669,3098,661,30277,2437
19188,30947,654,3110,640,30293,2470
19205,30970,662,3137,640,30308,2497
19222,30999,673,3171,652,30326,2519
19238,31017,668,3202,660,30349,2542
19255,31049,686,3231,671,30363,2560
19272,31054,674,3255,665,30380,2590
19287,31066,657,3267,642,30409,2625
19304,31089,668,3299,639,30421,2660
19321,31100,669,3322,652,30431,2670
19337,31108,686,3305,663,30422,2642
19354,31028,683,3182,670,30345,2512
19371,30881,664,2964,651,30217,2313
19387,30735,657,2741,638,30078,2103
19404,30634,655,2593,638,29979,1955
19421,30588,667,2525,650,29921,1875
19437,30587,678,2497,652,29909,1845
19454,30591,676,2505,665,29915,1840
19471,30589,663,2512,646,29926,1866
19487,30604,654,2545,634,29950,1911
19504,30643,660,2601,634,29983,1967
19521,30691,666,2665,650,30025,2015
19537,30741,673,2730,652,30068,2078
19554,30783,679,2782,663,30104,2119
19571,30791,661,2817,644,30130,2173
19587,30800,651,2832,637,30149,2195
19604,30807,657,2845,636,30150,2209
19621,30822,666,2858,646,30156,2212
19637,30822,673,2851,649,30149,2202
19654,30828,669,2843,657,30159,2186
19671,30814,658,2832,642,30156,2190
19687,30817,648,2847,627,30169,2220
19704,30834,655,2880,633,30179,2247
19721,30868,658,2910,645,30210,2265
19737,30897,667,2965,649,30230,2316
19754,30937,667,3010,656,30270,2354
19771,30939,660,3037,641,30279,2396
19787,30953,649,3055,630,30304,2425
19804,30968,653,3077,634,30315,2443
19821,31000,659,3115,646,30341,2469
19837,31033,674,3155,646,30359,2509
19854,31056,675,3190,659,30381,2531
19871,31049,658,3197,639,30391,2558
19887,31059,647,3200,624,30412,2576
19904,31074,653,3227,633,30421,2594
19921,31103,660,3260,642,30443,2618
19937,31131,675,3296,647,30456,2649
19954,31146,675,3315,659,30471,2656
19971,31099,662,3242,642,30437,2600
19987,30995,653,3084,632,30342,2452
20004,30848,653,2889,632,30195,2257
20021,30728,654,2678,641,30074,2037
20037,30643,671,2544,643,29972,1901
20054,30588,675,2456,654,29913,1802
20071,30559,656,2428,643,29903,1785
20087,30554,649,2424,630,29905,1794
20104,30582,655,2467,632,29927,1835
20121,30619,661,2534,643,29958,1891
20137,30672,673,2601,654,29999,1947
20154,30717,673,2661,658,30044,2003
20171,30732,658,2708,641,30074,2067
20187,30748,650,2733,629,30098,2104
20204,30776,653,2767,639,30123,2128
20221,30800,654,2788,642,30146,2146
20238,30816,672,2814,651,30144,2163
20254,30825,673,2819,658,30152,2161
20271,30808,660,2815,641,30148,2174
20288,30800,651,2798,629,30149,2169
20303,30813,656,2808,636,30157,2172
20320,30834,656,2845,649,30178,2196
20337,30863,678,2880,662,30185,2218
20353,30875,672,2907,660,30203,2247
20370,30893,643,2919,641,30250,2278
20387,30903,652,2951,633,30251,2318
20403,30935,657,2997,635,30278,2362
20420,30962,660,3038,650,30302,2388
20437,30997,680,3072,661,30317,2411
20453,31004,677,3101,665,30327,2436
20470,31020,647,3102,651,30373,2451
20487,31027,659,3134,639,30368,2495
20503,31047,661,3159,640,30386,2519
20520,31075,662,3193,652,30413,2541
20537,31098,676,3227,662,30422,2565
20553,31116,679,3250,663,30437,2587
20570,31122,647,3264,653,30475,2611
20587,31102,657,3232,636,30445,2596
20603,31048,666,3125,643,30382,2482
20620,30913,662,2952,654,30251,2298
20637,30801,679,2766,662,30122,2104
20653,30690,674,2575,662,30016,1913
20670,30600,645,2461,649,29955,1812
20687,30564,652,2402,633,29912,1769
20703,30567,663,2410,642,29904,1768
20720,30588,656,2438,646,29932,1792
20737,30626,678,2488,666,29948,1822
20753,30655,680,2536,664,29975,1872
20770,30677,646,2569,650,30031,1919
20787,30701,657,2626,635,30044,1991
20803,30736,660,2667,641,30076,2026
20820,30774,659,2723,654,30115,2069
20837,30805,679,2754,663,30126,2091
20853,30809,680,2762,666,30129,2096
20870,30805,649,2753,648,30156,2105
20887,30794,655,2747,635,30139,2112
20903,30798,662,2744,645,30136,2099
20920,30807,666,2764,652,30141,2112
20937,30844,685,2796,664,30159,2132
20953,30851,683,2828,662,30168,2166
20970,30859,673,2836,647,30186,2189
20987,30872,656,2861,632,30216,2229
21003,30895,666,2904,636,30229,2268
21020,30928,662,2939,650,30266,2289
21037,30959,681,2978,663,30278,2315
21053,30978,678,2999,659,30300,2340
21070,30978,666,2993,645,30312,2348
21087,30977,650,3021,634,30327,2387
21103,31004,658,3060,637,30346,2423
21120,31027,662,3089,647,30365,2442
21137,31064,677,3127,659,30387,2468
21153,31079,676,3160,664,30403,2496
21170,31085,663,3167,647,30422,2520
21187,31097,659,3192,640,30438,2552
21203,31114,662,3204,643,30452,2561
21220,31092,670,3188,680,30422,2508
21237,31031,691,3008,675,30340,2333
21254,30873,703,2836,668,30170,2168
21270,30726,672,2615,680,30054,1935
21287,30617,657,2440,640,29960,1800
21304,30575,664,2379,648,29911,1731
21319,30575,669,2364,659,29906,1705
21336,30580,687,2378,668,29893,1710
21353,30603,683,2390,666,29920,1724
21369,30600,654,2425,660,29946,1765
21386,30638,665,2468,646,29973,1822
21403,30676,671,2535,651,30005,1884
21419,30715,669,2608,659,30046,1949
21436,30767,687,2666,669,30080,1997
21453,30786,683,2687,667,30103,2020
21469,30773,653,2699,654,30120,2045
21486,30781,1166,3100,641,29615,2459
21503,30834,667,3131,1144,30167,1987
21519,31291,830,2722,714,30461,2008
21536,30816,1182,3101,670,29634,2431
21553,30819,689,2741,662,30130,2079
21569,30806,646,2751,649,30160,2102
21586,30827,659,2773,640,30168,2133
21603,30857,664,2814,649,30193,2165
21619,30891,666,2859,649,30225,2210
21636,30925,686,2913,667,30239,2246
21653,30948,677,2946,657,30271,2289
21669,30947,654,2955,645,30293,2310
21686,30971,666,2987,641,30305,2346
21703,30993,665,3021,650,30328,2371
21719,31017,665,3038,654,30352,2384
21736,31046,686,3082,668,30360,2414
21753,31060,683,3112,656,30377,2456
21769,31052,652,3118,648,30400,2470
21786,31070,659,3135,643,30411,2492
21803,31099,672,3169,654,30427,2515
21819,31121,673,3198,657,30448,2541
21836,31154,688,3244,673,30466,2571
21853,31164,689,3255,664,30475,2591
21869,31109,654,3176,654,30455,2522
21886,31009,663,3030,646,30346,2384
21903,30879,666,2797,658,30213,2139
21919,30756,666,2608,658,30090,1950
21936,30655,684,2475,673,29971,1802
21953,30599,684,2387,664,29915,1723
21969,30554,647,2333,652,29907,1681
21986,30568,661,2348,649,29907,1699
22003,30589,665,2379,654,29924,1725
22019,30628,671,2435,660,29957,1775
22036,30674,682,2500,672,29992,1828
22053,30697,686,2559,662,30011,1897
22069,30707,656,2584,653,30051,1931
22086,30736,661,2621,643,30075,1978
22103,30763,668,2661,659,30095,2002
22119,30786,669,2682,658,30117,2024
22136,30803,687,2709,677,30116,2032
22153,30803,688,2701,660,30115,2041
22169,30785,659,2683,654,30126,2029
22186,30790,662,2692,646,30128,2046
22203,30802,669,2718,651,30133,2067
22219,30827,672,2740,659,30155,2081
22236,30849,687,2771,667,30162,2104
22253,30868,692,2802,666,30176,2136
22270,30865,652,2805,657,30213,2148
22286,30894,665,2855,642,30229,2213
22303,30921,669,2888,661,30252,2227
22320,30955,678,2930,663,30277,2267
22335,30986,695,2970,673,30291,2297
22352,31003,678,2984,666,30325,2318
22369,30987,658,2990,645,30329,2345
22385,31012,665,3026,649,30347,2377
22402,31034,682,3053,661,30352,2392
22419,31061,673,3090,670,30388,2420
22435,31109,697,3119,674,30412,2445
22452,31106,699,3158,664,30407,2494
22469,31101,655,3162,674,30446,2488
22485,31142,674,3168,651,30468,2517
22502,31095,699,3156,654,30396,2502
22519,31027,673,3004,664,30354,2340
22535,30915,689,2832,667,30226,2165
22552,30774,675,2634,660,30099,1974
22569,30667,651,2466,638,30016,1828
22585,30614,658,2395,638,29956,1757
22602,30599,672,2377,652,29927,1725
22619,30615,664,2382,662,29951,1720
22635,30645,686,2431,668,29959,1763
22652,30669,669,2466,655,30000,1811
22669,30681,655,2508,637,30026,1871
22685,30717,659,2577,640,30058,1937
22702,30768,665,2640,651,30103,1989
22719,30814,664,2692,661,30150,2031
22735,30848,688,2744,671,30160,2073
22752,30861,679,2751,658,30182,2093
22769,30842,656,2745,641,30186,2104
22785,30842,656,2755,634,30186,2121
22802,30849,666,2759,651,30183,2108
22819,30862,665,2759,656,30197,2103
22835,30883,689,2784,670,30194,2114
22852,30878,1086,2783,651,29792,2132
22869,30873,653,3043,641,30220,2402
22885,30894,661,2825,640,30233,2185
22902,30940,667,2875,649,30273,2226
22919,30966,667,2916,661,30299,2255
22935,30997,691,2967,668,30306,2299
22952,31010,681,2975,650,30329,2325
22969,31007,649,2987,639,30358,2348
22985,31031,657,3027,641,30374,2386
23002,31052,665,3051,647,30387,2404
23019,31078,668,3069,660,30410,2409
23035,31099,683,3105,665,30416,2440
23052,31111,680,3110,655,30431,2455
23069,31099,649,3113,639,30450,2474
23085,31123,660,3156,637,30463,2519
23102,31147,661,3181,650,30486,2531
23119,31181,669,3221,659,30512,2562
23135,31199,683,3250,669,30516,2581
23152,31179,673,3214,656,30506,2558
23169,31085,648,3068,639,30437,2429
23185,30965,656,2876,639,30309,2237
23202,30802,664,2671,647,30138,2024
23219,30704,659,2459,656,30045,1803
23235,30640,686,2376,668,29954,1708
23252,30596,679,2309,654,29917,1655
23269,30570,649,2283,641,29921,1642
23286,30593,662,2328,643,29931,1685
23302,30623,663,2376,655,29960,1721
23319,30662,668,2419,660,29994,1759
23336,30702,682,2492,670,30020,1822
23351,30719,671,2531,658,30048,1873
23368,30731,659,2554,639,30072,1915
23385,30762,663,2593,649,30099,1944
23401,30790,669,2621,654,30121,1967
23418,30804,678,2647,664,30126,1983
23435,30814,686,2660,662,30128,1998
23451,30799,670,2647,658,30129,1989
23468,30789,659,2637,642,30130,1995
23485,30801,660,2642,641,30141,2001
23501,30818,668,2667,654,30150,2013
23518,30834,680,2697,661,30154,2036
23535,30868,687,2735,666,30181,2069
23551,30868,669,2753,654,30199,2099
23568,30885,658,2777,638,30227,2139
23585,30914,659,2821,644,30255,2177
23601,30945,672,2855,652,30273,2203
23618,30986,672,2991,769,30314,2222
23635,31104,717,2930,725,30387,2205
23651,30995,779,3020,653,30216,2367
23668,31008,647,3054,749,30361,2305
23685,31022,661,3005,642,30361,2363
23701,31051,668,3034,657,30383,2377
23718,31084,670,3088,665,30414,2423
23735,31107,681,3126,659,30426,2467
23751,31111,666,3131,653,30445,2478
23768,31107,652,3118,637,30455,2481
23785,31094,657,3084,641,30437,2443
23801,31052,672,3002,656,30380,2346
23818,30941,671,2852,652,30270,2200
23835,30828,682,2642,662,30146,1980
23851,30701,667,2470,654,30034,1816
23868,30608,651,2347,639,29957,1708
23885,30577,656,2284,641,29921,1643
23901,30577,665,2275,647,29912,1628
23918,30589,675,2301,658,29914,1643
23935,30615,681,2332,658,29934,1674
23951,30619,667,2359,651,29952,1708
23968,30651,653,2405,632,29998,1773
23985,30693,662,2475,648,30031,1827
24001,30732,669,2536,647,30063,1889
24018,30769,671,2586,663,30098,1923
24035,30793,686,2612,660,30107,1952
24051,30785,678,2615,657,30107,1958
24068,30780,654,2606,642,30126,1964
24085,30785,657,2614,646,30128,1968
24101,30802,674,2627,647,30128,1980
24118,30812,673,2640,664,30139,1976
24135,30830,683,2660,664,30147,1996
24151,30829,672,2673,650,30157,2023
24168,30837,655,2682,635,30182,2047
24185,30855,657,2726,646,30198,2080
24201,30899,673,2770,646,30226,2124
24218,30933,673,2818,663,30260,2155
24235,30958,689,2865,664,30269,2201
24251,30966,669,2878,659,30297,2219
24268,30977,656,2885,639,30321,2246
24285,30989,662,2913,649,30327,2264
24302,31016,675,2931,654,30341,2277
24318,31043,675,2968,664,30368,2304
24335,31054,688,3003,669,30366,2334
24352,31072,673,3032,661,30399,2371
24367,31071,662,3034,643,30409,2391
24384,31099,669,3073,654,30430,2419
24401,31130,685,3106,661,30445,2445
24417,31156,692,3138,668,30464,2470
24434,31153,686,3123,670,30467,2453
24451,31078,680,3013,648,30398,2365
24467,30950,658,2824,647,30292,2177
24484,30800,668,2618,647,30132,1971
24501,30694,678,2419,661,30016,1758
24517,30616,691,2300,663,29925,1637
24534,30568,687,2245,668,29881,1577
24551,30541,671,2216,641,29870,1575
24567,30539,660,2219,643,29879,1576
24584,30566,664,2252,653,29902,1599
24601,30597,673,2291,657,29924,1634
24617,30629,680,2349,660,29949,1689
24634,30657,682,2399,663,29975,1736
24651,30682,671,2446,632,30011,1814
24667,30690,651,2464,635,30039,1829
24684,30713,659,2492,645,30054,1847
24701,30741,673,2515,646,30068,1869
24717,30758,680,2534,662,30078,1872
24734,30755,681,2543,659,30074,1884
24751,30751,668,2542,633,30083,1909
24767,30741,653,2536,633,30088,1903
24784,30762,660,2559,650,30102,1909
24801,30786,671,2596,653,30115,1943
24817,30813,685,2632,667,30128,1965
24834,30840,691,2666,663,30149,2003
24851,30844,670,2699,629,30174,2070
24867,30866,654,2722,641,30212,2081
24884,30896,666,2769,652,30230,2117
24901,30928,676,2806,655,30252,2151
24917,30958,690,2844,668,30268,2176
24934,30972,691,2860,668,30281,2192
24951,30967,1119,3366,644,29848,2722
24967,30981,660,3218,1135,30321,2083
24984,31500,922,2932,760,30578,2172
25001,31034,1140,3442,655,29894,2787
25017,31060,691,3347,1158,30369,2189
25034,31081,691,3026,668,30390,2358
25051,31085,673,3046,637,30412,2409
25067,31083,661,3047,646,30422,2401
25084,31070,664,3018,653,30406,2365
25101,31005,676,2889,648,30329,2241
25117,30896,692,2716,660,30204,2056
25134,30761,689,2538,663,30072,1875
25151,30647,667,2361,650,29980,1711
25167,30591,658,2268,638,29933,1630
25184,30566,661,2248,642,29905,1606
25201,30581,669,2271,655,29912,1616
25217,30606,682,2312,659,29924,1653
25234,30637,684,2353,666,29953,1687
25251,30650,665,2385,651,29985,1734
25267,30672,659,2427,635,30013,1792
25284,30715,664,2488,646,30051,1842
25301,30758,669,2541,652,30089,1889
25318,30786,688,2585,663,30098,1922
25334,30809,687,2612,662,30122,1950
25351,30795,662,2612,648,30133,1964
25368,30786,657,2603,638,30129,1965
25383,30798,668,2614,644,30130,1970
25400,30810,671,2622,649,30139,1973
25417,30824,686,2639,664,30138,1975
25433,30821,680,2654,667,30141,1987
25450,30828,667,2644,627,30161,2017
25467,30854,660,2689,645,30194,2044
25483,30885,667,2725,645,30218,2080
25500,30917,674,2773,651,30243,2122
25517,30948,690,2828,668,30258,2160
25533,30953,680,2850,667,30273,2183
25550,30967,670,2847,628,30297,2219
25567,30975,660,2876,647,30315,2229
25583,31005,663,2907,649,30342,2258
25600,31026,676,2937,648,30350,2289
25617,31053,688,2976,671,30365,2305
25633,31060,687,3003,664,30373,2339
25650,31064,677,2988,633,30387,2355
25667,31081,659,3034,644,30422,2390
25683,31102,669,3063,651,30433,2412
25700,31129,679,3086,653,30450,2433
25717,31125,686,3082,667,30439,2415
25733,31046,680,2971,669,30366,2302
25750,30900,677,2752,637,30223,2115
25767,30756,666,2521,648,30090,1873
25783,30647,673,2355,649,29974,1706
25800,30575,676,2248,651,29899,1597
25817,30554,690,2209,673,29864,1536
25833,30537,681,2208,667,29856,1541
25850,30543,676,2209,638,29867,1571
25867,30555,658,2248,642,29897,1606
25883,30595,669,2300,649,29926,1651
25900,30630,676,2351,647,29954,1704
25917,30668,694,2420,667,29974,1753
25933,30689,681,2466,665,30008,1801
25950,30702,673,2474,632,30029,1842
25967,30716,654,2506,646,30062,1860
25983,30736,670,2529,651,30066,1878
26000,30748,679,2539,653,30069,1886
26017,30751,689,2537,668,30062,1869
26033,30735,678,2531,666,30057,1865
26050,30739,670,2518,635,30069,1883
26067,30774,658,2559,664,30116,1895
26083,30879,748,2575,650,30131,1925
26100,30797,699,2719,656,30098,2063
26117,30857,691,2673,694,30166,1979
26133,30949,745,2683,667,30204,2016
26150,30854,674,2699,638,30180,2061
26167,30859,654,2715,643,30205,2072
26183,30892,675,2753,649,30217,2104
26200,30913,677,2785,641,30236,2144
26217,30940,688,2822,664,30252,2158
26233,30953,674,2832,659,30279,2173
26250,30948,674,2832,631,30274,2201
26267,30960,654,2875,641,30306,2234
26283,30982,669,2892,642,30313,2250
26300,31010,676,2915,642,30334,2273
26317,31029,684,2958,665,30345,2293
26334,31036,670,2958,657,30366,2301
26350,30987,666,2895,633,30321,2262
26367,30912,659,2765,641,30253,2124
26384,30782,669,2596,646,30113,1950
26399,30696,678,2431,649,30018,1782
26416,30594,683,2290,664,29911,1626
26433,30515,675,2187,646,29840,1541
26449,30479,658,2127,627,29821,1500
26466,30478,660,2135,639,29818,1496
26483,30500,670,2170,652,29830,1518
26499,30533,682,2203,648,29851,1555
26516,30558,683,2248,664,29875,1584
26533,30573,673,2288,653,29900,1635
26549,30587,653,2309,631,29934,1678
26566,30621,650,2360,644,29971,1716
26583,30656,671,2403,649,29985,1754
26599,30682,676,2436,643,30006,1793
26616,30699,683,2464,666,30016,1798
26633,30685,671,2464,648,30014,1816
26649,30683,656,2441,628,30027,1813
26666,30681,659,2467,643,30022,1824
26683,30708,667,2485,655,30041,1830
26699,30733,676,2514,649,30057,1865
26716,30751,689,2548,671,30062,1877
26733,30762,678,2584,655,30084,1929
26749,30768,658,2595,634,30110,1961
26766,30797,652,2638,641,30145,1997
26783,30832,671,2676,655,30161,2021
26799,30862,684,2719,650,30178,2069
26816,30886,684,2758,669,30202,2089
26833,30885,676,2770,649,30209,2121
26849,30892,658,2783,635,30234,2148
26866,30908,660,2812,643,30248,2169
26883,30939,668,2849,652,30271,2197
26899,30969,682,2881,649,30287,2232
26916,30993,689,2912,666,30304,2246
26933,30997,682,2939,651,30315,2288
26949,30999,661,2944,635,30338,2309
26966,31009,664,2959,644,30345,2315
26983,30990,673,2915,649,30317,2266
26999,30915,682,2794,650,30233,2144
27016,30776,692,2610,673,30084,1937
27033,30646,676,2408,667,29970,1741
27049,30532,660,2260,639,29872,1621
27066,30487,658,2190,642,29829,1548
27083,30476,672,2160,648,29804,1512
27099,30474,675,2180,649,29799,1531
27116,30511,686,2216,671,29825,1545
27133,30521,674,2252,665,29847,1587
27149,30529,660,2276,631,29869,1645
27166,30568,657,2325,642,29911,1683
27183,30612,676,2388,649,29936,1739
27199,30634,687,2431,652,29947,1779
27216,30673,687,2471,677,29986,1794
27233,30670,683,2491,665,29987,1826
27249,30655,658,2475,641,29997,1834
27266,30666,662,2470,651,30004,1819
27283,30674,674,2482,649,30000,1833
27299,30673,681,2501,652,29992,1849
27316,30703,687,2519,666,30016,1853
27333,30699,676,2534,663,30023,1871
27350,30702,658,2530,635,30044,1895
27366,30736,659,2572,642,30077,1930
27383,30764,670,2619,651,30094,1968
27400,30791,679,2666,648,30112,2018
27415,30828,681,2703,670,30147,2033
27432,30835,677,2718,649,30158,2069
27449,30836,659,2733,635,30177,2098
27465,30855,659,2756,642,30196,2114
27482,30885,671,2788,646,30214,2142
27499,30911,679,2835,662,30232,2173
27515,30924,679,2862,662,30245,2200
27532,30938,673,2869,646,30265,2223
27549,30946,653,2891,635,30293,2256
27565,30966,659,2914,640,30307,2274
27582,30991,666,2944,648,30325,2296
27599,31016,672,2973,664,30344,2309
27615,30990,680,2940,666,30310,2274
27632,30886,666,2805,651,30220,2154
27649,30758,651,2589,634,30107,1955
27665,30638,661,2417,637,29977,1780
27682,30537,668,2286,643,29869,1643
27699,30501,675,2208,660,29826,1548
27715,30472,676,2177,661,29796,1516
27732,30462,1145,2174,642,29317,1532
27749,30473,648,2576,632,29825,1944
27765,30498,654,2241,844,29844,1397
27782,30538,1143,2295,645,29395,1650
27799,30583,672,2732,653,29911,2079
27815,30623,673,2427,659,29950,1768
27832,30637,669,2450,642,29968,1808
27849,30650,654,2479,630,29996,1849
27865,30668,653,2494,633,30015,1861
27882,30676,662,2512,639,30014,1873
27899,30687,671,2512,645,30016,1867
27915,30687,676,2518,658,30011,1860
27932,30685,667,2517,642,30018,1875
27949,30675,650,2518,624,30025,1894
27965,30698,659,2541,634,30039,1907
27982,30719,661,2570,641,30058,1929
27999,30753,673,2621,645,30080,1976
28015,30778,670,2670,658,30108,2012
28032,30786,665,2678,641,30121,2037
28049,30798,649,2716,622,30149,2094
28065,30826,652,2743,631,30174,2112
28082,30845,662,2775,643,30183,2132
28099,30879,674,2812,644,30205,2168
28115,30898,673,2846,659,30225,2187
28132,30898,661,2854,646,30237,2208
28149,30900,649,2859,623,30251,2236
28165,30924,661,2893,635,30263,2258
28182,30942,667,2921,643,30275,2278
28199,30969,674,2950,641,30295,2309
28215,30985,674,2969,660,30311,2309
28232,30968,665,2944,643,30303,2301
28249,30902,650,2842,628,30252,2214
28265,30777,653,2679,639,30124,2040
28282,30658,662,2507,641,29996,1866
28299,30563,673,2337,646,29890,1691
28315,30477,675,2245,665,29802,1580
28332,30433,663,2171,640,29770,1531
28349,30410,653,2154,629,29757,1525
28366,30422,651,2171,633,29771,1538
28382,30451,665,2219,648,29786,1571
28399,30485,664,2271,643,29821,1628
28416,30531,670,2328,654,29861,1674
28431,30516,650,2362,639,29866,1723
28448,30561,644,2396,621,29917,1775
28465,30592,650,2445,635,29942,1810
28481,30614,662,2472,638,29952,1834
28498,30640,674,2502,655,29966,1847
28515,30635,669,2502,651,29966,1851
28531,30602,651,2480,639,29951,1841
28548,30607,649,2467,624,29958,1843
28565,30619,652,2480,638,29967,1842
28581,30633,661,2505,646,29972,1859
28598,30664,669,2538,655,29995,1883
28615,30685,669,2569,651,30016,1918
28631,30669,650,2590,638,30019,1952
28648,30713,648,2618,631,30065,1987
28665,30733,651,2658,634,30082,2024
28681,30755,662,2694,641,30093,2053
28698,30790,668,2727,655,30122,2072
28715,30807,675,2762,646,30132,2116
28731,30795,656,2778,642,30139,2136
28748,30823,646,2791,627,30177,2164
28765,30842,654,2814,631,30188,2183
28781,30863,660,2842,645,30203,2197
28798,30893,674,2886,659,30219,2227
28815,30912,673,2916,657,30239,2259
28831,30895,652,2924,646,30243,2278
28848,30894,646,2899,629,30248,2270
28865,30843,654,2806,630,30189,2176
28881,30720,657,2643,639,30063,2004
28898,30609,676,2471,657,29933,1814
28915,30499,670,2302,662,29829,1640
28931,30407,642,2187,636,29765,1551
28948,30366,642,2130,631,29724,1499
28965,30359,647,2124,625,29712,1499
28981,30372,654,2143,638,29718,1505
28998,30401,665,2191,646,29736,1545
29015,30421,672,2231,649,29749,1582
29031,30439,645,2252,637,29794,1615
29048,30460,641,2285,628,29819,1657
29065,30489,650,2334,625,29839,1709
29081,30526,660,2379,639,29866,1740
29098,30559,663,2428,651,29896,1777
29115,30569,671,2445,660,29898,1785
29131,30559,644,2434,635,29915,1799
29148,30556,645,2431,621,29911,1810
29165,30557,650,2437,625,29907,1812
29181,30572,655,2458,638,29917,1820
29198,30595,669,2478,658,29926,1820
29215,30603,667,2504,655,29936,1849
29231,30617,639,2521,635,29978,1886
29248,30693,641,2554,735,30052,1819
29265,30757,762,2587,628,29995,1959
29281,30691,730,2746,669,29961,2077
29298,30792,667,2696,766,30125,1930
29315,30843,779,2706,658,30064,2048
29331,30753,646,2714,642,30107,2072
29348,30749,642,2727,627,30107,2100
29365,30783,648,2764,635,30135,2129
29382,30802,653,2801,640,30149,2161
29398,30832,668,2839,653,30164,2186
29415,30853,674,2864,659,30179,2205
29432,30861,642,2878,638,30219,2240
29447,30866,651,2895,627,30215,2268
29464,30865,650,2900,638,30215,2262
29481,30819,657,2806,649,30162,2157
29497,30728,674,2661,654,30054,2007
29514,30577,667,2458,649,29910,1809
29531,30435,642,2280,623,29793,1657
29547,30367,647,2168,626,29720,1542
29564,30328,648,2125,632,29680,1493
29581,30312,652,2111,645,29660,1466
29597,30342,669,2147,654,29673,1493
29614,30360,666,2166,646,29694,1520
29631,30349,636,2189,623,29713,1566
29647,30386,654,2233,628,29732,1605
29664,30426,649,2297,635,29777,1662
29681,30466,653,2373,640,29813,1733
29697,30513,666,2423,655,29847,1768
29714,30530,665,2444,648,29865,1796
29731,30512,639,2443,638,29873,1805
29747,30520,645,2434,627,29875,1807
29764,30519,648,2442,633,29871,1809
29781,30526,654,2451,642,29872,1809
29797,30551,672,2473,648,29879,1825
29814,30559,668,2482,648,29891,1834
29831,30546,639,2503,637,29907,1866
29847,30577,649,2538,627,29928,1911
29864,30606,649,2578,635,29957,1943
29881,30629,656,2615,641,29973,1974
29897,30670,675,2656,657,29995,1999
29914,30694,673,2669,655,30021,2014
29931,30682,642,2696,640,30040,2056
29947,30711,659,2719,630,30052,2089
29964,30739,658,2759,645,30081,2114
29981,30758,658,2792,648,30100,2144
29997,30792,676,2830,654,30116,2176
