Tiempo (ms),IR,AMB_IR,RED,AMB_RED,IR_net,RED_net
2000,47868,12106,32449,12091,35762,20358
2015,47973,12165,32540,12149,35808,20391
2032,48069,12216,32664,12204,35853,20460
2049,48117,12212,32733,12198,35905,20535
2065,48025,12158,32633,12144,35867,20489
2082,47749,12105,32157,12097,35644,20060
2099,47434,12101,31741,12087,35333,19654
2115,47269,12123,31497,12106,35146,19391
2132,47154,12146,31288,12134,35008,19154
2149,47075,12153,31175,12145,34922,19030
2165,47039,12150,31119,12140,34889,18979
2182,47036,12133,31142,12120,34903,19022
2199,47075,12132,31199,12115,34943,19084
2215,47144,12146,31278,12133,34998,19145
2232,47199,12150,31374,12137,35049,19237
2249,47267,12145,31455,12141,35122,19314
2265,47304,12143,31519,12130,35161,19389
2282,47330,12121,31565,12108,35209,19457
2299,47368,12100,31620,12081,35268,19539
2315,47423,12114,31689,12097,35309,19592
2332,47468,12138,31747,12126,35330,19621
2349,47506,12159,31790,12151,35347,19639
2365,47503,12169,31776,12155,35334,19621
2382,47451,12132,31709,12116,35319,19593
2399,47395,12103,31645,12083,35292,19562
2415,47381,12089,31625,12082,35292,19543
2432,47396,12102,31644,12087,35294,19557
2449,47438,12114,31679,12107,35324,19572
2465,47479,12131,31725,12115,35348,19610
2482,47497,12119,31772,12104,35378,19668
2499,47513,12092,31802,12075,35421,19727
2515,47552,12082,31861,12066,35470,19795
2532,47603,12081,31940,12070,35522,19870
2549,47684,12107,32025,12092,35577,19933
2565,47751,12124,32101,12112,35627,19989
2582,47786,12108,32175,12092,35678,20083
2599,47826,12106,32222,12081,35720,20141
2615,47881,12107,32299,12092,35774,20207
2632,47941,12123,32385,12109,35818,20276
2649,48017,12142,32464,12130,35875,20334
2665,48073,12171,32537,12155,35902,20382
2682,48096,12152,32576,12139,35944,20437
2699,48106,12132,32596,12118,35974,20478
2715,48148,12137,32657,12125,36011,20532
2732,48198,12155,32714,12143,36043,20571
2749,48240,12162,32761,12149,36078,20612
2765,48263,12146,32809,12137,36117,20672
2782,48279,12114,32843,12105,36165,20738
2799,48316,12097,32907,12082,36219,20825
2815,48386,12117,32994,12104,36269,20890
2832,48380,12134,32960,12121,36246,20839
2849,48131,12126,32610,12116,36005,20494
2865,47820,12114,32090,12100,35706,19990
2882,47595,12110,31761,12109,35485,19652
2899,47442,12137,31556,12120,35305,19436
2915,47400,12192,31446,12179,35208,19267
2932,47384,12212,31427,12200,35172,19227
2949,47343,12160,31398,12149,35183,19249
2966,47296,12084,31367,12070,35212,19297
2982,47295,12045,31390,12034,35250,19356
2999,47365,12052,31480,12040,35313,19440
3016,47471,12117,31610,12098,35354,19512
3031,47589,12194,31713,12172,35395,19541
3048,47666,12230,31824,12218,35436,19606
3065,47673,12193,31845,12174,35480,19671
3081,47611,12098,31803,12085,35513,19718
3098,47601,12056,31797,12040,35545,19757
3115,47643,12081,31844,12069,35562,19775
3131,47683,12114,31893,12101,35569,19792
3148,47712,12148,31920,12137,35564,19783
3165,47705,12149,31896,12134,35556,19762
3181,47645,12099,31838,12085,35546,19753
3198,47629,12075,31807,12055,35554,19752
3215,47661,12092,31845,12079,35569,19766
3231,47719,12134,31895,12116,35585,19779
3248,47774,12161,31969,12153,35613,19816
3265,47827,12167,32025,12157,35660,19868
3281,47848,12150,32058,12139,35698,19919
3298,47877,12135,32115,12119,35742,19996
3315,47935,12142,32191,12126,35793,20065
3331,47995,12157,32275,12139,35838,20136
3348,48059,12165,32371,12161,35894,20210
3365,48111,12175,32421,12164,35936,20257
3381,48135,12157,32460,12145,35978,20315
3398,48153,12138,32506,12116,36015,20390
3415,48196,12150,32556,12126,36046,20430
3431,48232,12149,32615,12132,36083,20483
3448,48281,12157,32678,12148,36124,20530
3465,48331,12174,32720,12162,36157,20558
3481,48356,12173,32762,12163,36183,20599
3498,48384,12176,32805,12158,36208,20647
3515,48432,12189,32861,12177,36243,20684
3531,48470,12203,32912,12185,36267,20727
3548,48512,12208,32976,12195,36304,20781
3565,48563,12200,33034,12189,36363,20845
3581,48587,12183,33095,12168,36404,20927
3598,48635,12173,33142,12160,36462,20982
3615,48644,12192,33162,12174,36452,20988
3631,48493,12186,32893,12172,36307,20721
3648,48204,12177,32456,12167,36027,20289
3665,47942,12160,32102,12146,35782,19956
3681,47744,12132,31807,12118,35612,19689
3698,47625,12125,31643,12109,35500,19534
3715,47570,12136,31568,12119,35434,19449
3731,47573,12136,31582,12126,35437,19456
3748,47597,12128,31617,12125,35469,19492
3765,47651,12137,31680,12126,35514,19554
3781,47686,12131,31753,12114,35555,19639
3798,47735,12128,31810,12114,35607,19696
3815,47777,12139,31865,12126,35638,19739
3831,47809,12130,31908,12122,35679,19786
3848,47839,12127,31962,12115,35712,19847
3865,47891,12130,32019,12116,35761,19903
3881,47921,12141,32077,12124,35780,19953
3898,47961,12156,32107,12140,35805,19967
3915,47986,12170,32144,12167,35816,19977
3931,47997,12183,32140,12168,35814,19972
3948,47978,12185,32117,12166,35793,19951
3965,47966,12167,32102,12148,35799,19954
3982,47948,12143,32077,12132,35805,19945
3998,47941,12131,32058,12121,35810,19937
4015,47959,12125,32089,12113,35834,19976
4032,47979,12122,32127,12109,35857,20018
4047,47995,12107,32145,12096,35888,20049
4064,48014,12096,32185,12087,35918,20098
4081,48046,12080,32224,12064,35966,20160
4097,48084,12074,32283,12059,36010,20224
4114,48156,12096,32362,12082,36060,20280
4131,48241,12139,32459,12131,36102,20328
4147,48328,12191,32572,12171,36137,20401
4164,48403,12211,32674,12201,36192,20473
4181,48429,12200,32711,12186,36229,20525
4197,48440,12174,32734,12170,36266,20564
4214,48457,12161,32759,12149,36296,20610
4231,48497,12163,32824,12145,36334,20679
4247,48538,12176,32862,12167,36362,20695
4264,48574,12193,32924,12182,36381,20742
4281,48619,12200,32962,12186,36419,20776
4297,48653,12208,33010,12196,36445,20814
4314,48684,12206,33052,12197,36478,20855
4331,48714,12200,33084,12190,36514,20894
4347,48739,12204,33122,12180,36535,20942
4364,48779,12197,33188,12185,36582,21003
4381,48834,12192,33257,12181,36642,21076
4397,48890,12200,33345,12189,36690,21156
4414,48951,12209,33405,12190,36742,21215
4431,48908,12204,33367,12188,36704,21179
4447,48663,12179,33010,12170,36484,20840
4464,48363,12162,32523,12147,36201,20376
4481,48101,12136,32199,12121,35965,20078
4497,47932,12124,31952,12116,35808,19836
4514,47840,12129,31790,12111,35711,19679
4531,47781,12112,31739,12097,35669,19642
4547,47775,12108,31729,12093,35667,19636
4564,47804,12103,31774,12097,35701,19677
4581,47851,12094,31824,12085,35757,19739
4597,47899,12095,31916,12088,35804,19828
4614,47960,12111,31994,12099,35849,19895
4631,48012,12117,32048,12103,35895,19945
4647,48044,12116,32113,12102,35928,20011
4664,48087,12117,32175,12110,35970,20065
4681,48118,12116,32208,12103,36002,20105
4697,48139,12115,32233,12112,36024,20121
4714,48155,12113,32252,12105,36042,20147
4731,48148,12101,32259,12088,36047,20171
4747,48120,12090,32214,12079,36030,20135
4764,48113,12098,32200,12082,36015,20118
4781,48116,12097,32196,12082,36019,20114
4797,48134,12117,32210,12109,36017,20101
4814,48158,12136,32232,12121,36022,20111
4831,48161,12113,32250,12103,36048,20147
4847,48168,12087,32256,12073,36081,20183
4864,48178,12080,32292,12064,36098,20228
4881,48234,12088,32326,12066,36146,20260
4897,48288,12108,32420,12091,36180,20329
4914,48355,12126,32512,12104,36229,20408
4931,48391,12114,32556,12103,36277,20453
4947,48416,12086,32586,12079,36330,20507
4964,48446,12074,32645,12057,36372,20588
4981,48492,12080,32700,12061,36412,20639
4997,48550,12100,32770,12087,36450,20683
5014,48604,12122,32854,12108,36482,20746
5031,48645,12123,32902,12111,36522,20791
5048,48661,12112,32944,12097,36549,20847
5063,48670,12098,32954,12072,36572,20882
5080,48687,12082,32983,12071,36605,20912
5097,48724,12092,33030,12074,36632,20956
5113,48773,12107,33086,12097,36666,20989
5130,48809,12130,33126,12121,36679,21005
5147,48849,12149,33153,12137,36700,21016
5163,48889,12155,33194,12143,36734,21051
5180,48927,12173,33229,12159,36754,21070
5197,48979,12195,33277,12175,36784,21102
5213,49042,12188,33370,12171,36854,21199
5230,49104,12191,33465,12184,36913,21281
5247,49167,12213,33523,12197,36954,21326
5263,49119,12195,33464,12183,36924,21281
5280,48864,12169,33054,12152,36695,20902
5297,48520,12163,32605,12143,36357,20462
5313,48308,12164,32277,12153,36144,20124
5330,48139,12155,32013,12144,35984,19869
5347,48016,12138,31875,12124,35878,19751
5363,47950,12110,31783,12093,35840,19690
5380,47934,12081,31766,12065,35853,19701
5397,47955,12075,31811,12060,35880,19751
5413,48029,12100,31903,12088,35929,19815
5430,48111,12127,31996,12114,35984,19882
5447,48190,12163,32085,12151,36027,19934
5463,48237,12172,32162,12153,36065,20009
5480,48242,12138,32185,12113,36104,20072
5497,48214,12065,32183,12042,36149,20141
5513,48203,12013,32177,11998,36190,20179
5530,48213,11999,32210,11983,36214,20227
5547,48250,12024,32236,12012,36226,20224
5563,48281,12067,32264,12052,36214,20212
5580,48290,12096,32259,12084,36194,20175
5597,48285,12127,32237,12105,36158,20132
5613,48278,12120,32204,12110,36158,20094
5630,48251,12096,32183,12083,36155,20100
5647,48214,12056,32153,12046,36158,20107
5663,48193,12021,32128,12003,36172,20125
5680,48193,11991,32141,11976,36202,20165
5697,48228,11992,32201,11985,36236,20216
5713,48302,12029,32266,12017,36273,20249
5730,48366,12049,32348,12033,36317,20315
5747,48443,12076,32434,12062,36367,20372
5763,48504,12100,32502,12083,36404,20419
5780,48533,12091,32523,12078,36442,20445
5797,48548,12063,32571,12057,36485,20514
5813,48585,12060,32619,12042,36525,20577
5830,48613,12054,32660,12038,36559,20622
5847,48654,12052,32704,12043,36602,20661
5863,48682,12053,32766,12039,36629,20727
5880,48709,12048,32813,12032,36661,20781
5897,48754,12054,32860,12044,36700,20816
5913,48797,12072,32914,12062,36725,20852
5930,48837,12085,32970,12072,36752,20898
5947,48877,12093,33009,12078,36784,20931
5963,48889,12085,33034,12066,36804,20968
5980,48903,12062,33052,12050,36841,21002
5997,48947,12070,33112,12059,36877,21053
6014,49012,12103,33192,12088,36909,21104
6030,49080,12127,33274,12118,36953,21156
6047,49152,12137,33363,12119,37015,21244
6064,49198,12129,33421,12112,37069,21309
6079,49204,12124,33434,12110,37080,21324
6096,49098,12135,33226,12117,36963,21109
6113,48773,12178,32751,12169,36595,20582
6129,48536,12228,32381,12202,36308,20179
6146,48343,12228,32085,12214,36115,19871
6163,48153,12197,31848,12177,35956,19671
6179,48022,12146,31679,12135,35876,19544
6196,47994,12139,31641,12121,35855,19520
6213,48017,12153,31674,12141,35864,19533
6229,48075,12185,31744,12166,35890,19578
6246,48131,12205,31818,12195,35926,19623
6263,48179,12207,31874,12198,35972,19676
6279,48197,12200,31921,12184,35997,19737
6296,48243,12207,31971,12190,36036,19781
6313,48270,12204,32005,12190,36066,19815
6329,48296,12201,32060,12184,36095,19876
6346,48324,12200,32107,12185,36124,19922
6363,48332,12185,32118,12169,36147,19949
6379,48315,12164,32100,12153,36151,19947
6396,48294,12153,32074,12137,36141,19937
6413,48262,12127,32042,12117,36135,19925
6429,48225,12118,31990,12103,36107,19887
6446,48211,12110,31955,12090,36101,19865
6463,48190,12095,31941,12081,36095,19860
6479,48200,12089,31961,12074,36111,19887
6496,48228,12104,32001,12086,36124,19915
6513,48275,12120,32046,12104,36155,19942
6529,48306,12118,32114,12104,36188,20010
6546,48349,12123,32158,12110,36226,20048
6563,48388,12122,32197,12111,36266,20086
6579,48433,12127,32266,12110,36306,20156
6596,48495,12140,32350,12120,36355,20230
6613,48551,12146,32420,12127,36405,20293
6629,48597,12151,32489,12138,36446,20351
6646,48648,12164,32554,12151,36484,20403
6663,48702,12180,32608,12161,36522,20447
6679,48748,12185,32679,12171,36563,20508
6696,48797,12201,32744,12187,36596,20557
6713,48824,12196,32773,12188,36628,20585
6729,48829,12170,32809,12157,36659,20652
6746,48836,12144,32822,12127,36692,20695
6763,48843,12126,32828,12110,36717,20718
6779,48856,12105,32853,12090,36751,20763
6796,48883,12097,32899,12081,36786,20818
6813,48896,12065,32921,12057,36831,20864
6829,48919,12059,32953,12047,36860,20906
6846,48971,12077,33026,12064,36894,20962
6863,49054,12108,33121,12091,36946,21030
6879,49143,12145,33240,12136,36998,21104
6896,49227,12173,33345,12154,37054,21191
6913,49247,12144,33385,12135,37103,21250
6929,49159,12124,33239,12112,37035,21127
6946,48872,12133,32771,12121,36739,20650
6963,48520,12175,32298,12157,36345,20141
6979,48302,12189,31938,12171,36113,19767
6996,48114,12177,31681,12162,35937,19519
7013,47937,12131,31471,12121,35806,19350
7030,47840,12090,31358,12081,35750,19277
7046,47794,12077,31301,12057,35717,19244
7063,47766,12041,31274,12034,35725,19240
7080,47743,11997,31270,11988,35746,19282
7095,47751,11976,31290,11969,35775,19321
7112,47757,11967,31304,11953,35790,19351
7129,47768,11959,31318,11947,35809,19371
7145,47789,11966,31345,11950,35823,19395
7162,47848,12001,31425,11990,35847,19435
7179,47947,12075,31532,12059,35872,19473
7195,48026,12129,31629,12116,35897,19513
7212,48030,12112,31644,12093,35918,19551
7229,47947,12031,31581,12012,35916,19569
7245,47882,11964,31504,11943,35918,19561
7262,47835,11923,31452,11909,35912,19543
7279,47824,11945,31418,11932,35879,19486
7295,47828,11948,31415,11935,35880,19480
7312,47814,11931,31416,11923,35883,19493
7329,47818,11931,31404,11919,35887,19485
7345,47824,11926,31417,11911,35898,19506
7362,47844,11921,31454,11906,35923,19548
7379,47880,11921,31501,11907,35959,19594
7395,47919,11929,31559,11916,35990,19643
7412,47958,11926,31618,11910,36032,19708
7429,48003,11912,31668,11901,36091,19767
7445,48036,11903,31736,11886,36133,19850
7462,48070,11900,31775,11887,36170,19888
7479,48114,11897,31830,11885,36217,19945
7495,48176,11914,31901,11902,36262,19999
7512,48219,11926,31952,11909,36293,20043
7529,48272,11937,32025,11920,36335,20105
7545,48325,11964,32095,11941,36361,20154
7562,48379,11987,32159,11977,36392,20182
7579,48444,12019,32242,12007,36425,20235
7595,48507,12053,32312,12036,36454,20276
7612,48552,12057,32363,12043,36495,20320
7629,48568,12043,32382,12025,36525,20357
7645,48578,12021,32418,12006,36557,20412
7662,48588,11994,32450,11984,36594,20466
7679,48626,11981,32487,11968,36645,20519
7695,48680,11995,32561,11983,36685,20578
7712,48743,12005,32653,11991,36738,20662
7729,48824,12027,32747,12008,36797,20739
7745,48899,12047,32849,12028,36852,20821
7762,48902,12049,32836,12034,36853,20802
7779,48659,12043,32497,12030,36616,20467
7795,48256,12018,31834,12010,36238,19824
7812,47925,11971,31384,11954,35954,19430
7829,47646,11924,31053,11912,35722,19141
7845,47479,11897,30792,11883,35582,18909
7862,47364,11882,30653,11870,35482,18783
7879,47314,11883,30604,11879,35431,18725
7895,47324,11894,30613,11884,35430,18729
7912,47332,11896,30634,11879,35436,18755
7929,47337,11883,30642,11866,35454,18776
7945,47349,11867,30685,11851,35482,18834
7962,47357,11852,30699,11839,35505,18860
7979,47391,11866,30736,11852,35525,18884
7995,47443,11891,30801,11881,35552,18920
8012,47478,11900,30857,11884,35578,18973
8029,47490,11882,30875,11868,35608,19007
8045,47469,11861,30859,11848,35608,19011
8062,47447,11832,30829,11812,35615,19017
8079,47424,11814,30810,11801,35610,19009
8096,47414,11820,30786,11806,35594,18980
8111,47409,11836,30774,11818,35573,18956
8128,47413,11847,30763,11840,35566,18923
8145,47432,11877,30774,11866,35555,18908
8161,47455,11898,30801,11881,35557,18920
8178,47481,11908,30837,11886,35573,18951
8195,47509,11913,30877,11894,35596,18983
8211,47539,11912,30912,11897,35627,19015
8228,47575,11903,30974,11888,35672,19086
8245,47625,11898,31037,11887,35727,19150
8261,47661,11905,31096,11885,35756,19211
8278,47709,11889,31157,11875,35820,19282
8295,47768,11896,31244,11887,35872,19357
8311,47822,11899,31323,11885,35923,19438
8328,47881,11912,31409,11896,35969,19513
8345,47965,11944,31498,11923,36021,19575
8361,48031,11973,31604,11955,36058,19649
8378,48107,12002,31689,11990,36105,19699
8395,48161,12024,31752,12014,36137,19738
8411,48133,11963,31740,11954,36170,19786
8428,48074,11867,31679,11849,36207,19830
8445,48046,11801,31664,11786,36245,19878
8461,48042,11776,31692,11759,36266,19933
8478,48078,11771,31743,11756,36307,19987
8495,48144,11794,31822,11780,36350,20042
8511,48215,11823,31914,11809,36392,20105
8528,48290,11863,32008,11852,36427,20156
8545,48406,11925,32118,11905,36481,20213
8561,48518,11984,32285,11970,36534,20315
8578,48652,12051,32434,12036,36601,20398
8595,48703,12025,32516,12020,36678,20496
8611,48623,11917,32435,11911,36706,20524
8628,48420,11833,32143,11818,36587,20325
8645,47981,11827,31545,11809,36154,19736
8661,47632,11832,30975,11819,35800,19156
8678,47435,11865,30667,11852,35570,18815
8695,47272,11892,30475,11879,35380,18596
8711,47155,11876,30300,11862,35279,18438
8728,47072,11850,30205,11834,35222,18371
8745,47035,11827,30169,11811,35208,18358
8761,47031,11809,30189,11792,35222,18397
8778,47060,11804,30235,11789,35256,18446
8795,47097,11806,30292,11796,35291,18496
8811,47146,11822,30352,11805,35324,18547
8828,47182,11824,30418,11810,35358,18608
8845,47233,11833,30477,11815,35400,18662
8861,47259,11827,30524,11813,35432,18711
8878,47275,11804,30555,11786,35471,18769
8895,47288,11791,30584,11769,35497,18815
8911,47281,11786,30561,11777,35495,18784
8928,47259,11778,30525,11767,35481,18758
8945,47236,11790,30474,11773,35446,18701
8961,47218,11802,30457,11786,35416,18671
8978,47263,11864,30493,11854,35399,18639
8995,47392,12018,30582,11993,35374,18589
9011,47476,12093,30686,12080,35383,18606
9028,47397,11987,30610,11964,35410,18646
9045,47315,11879,30527,11858,35436,18669
9062,47335,11868,30578,11862,35467,18716
9078,47391,11879,30650,11864,35512,18786
9095,47458,11884,30728,11872,35574,18856
9112,47495,11876,30811,11859,35619,18952
9127,47534,11860,30868,11845,35674,19023
9144,47579,11853,30937,11837,35726,19100
9161,47621,11838,31007,11827,35783,19180
9177,47685,11848,31099,11837,35837,19262
9194,47749,11861,31189,11848,35888,19341
9211,47805,11865,31257,11857,35940,19400
9227,47851,11868,31327,11854,35983,19473
9244,47879,11856,31375,11845,36023,19530
9261,47903,11844,31411,11828,36059,19583
9277,47929,11833,31452,11826,36096,19626
9294,47968,11831,31503,11821,36137,19682
9311,47988,11823,31538,11806,36165,19732
9327,48021,11815,31591,11797,36206,19794
9344,48049,11808,31622,11799,36241,19823
9361,48095,11811,31672,11789,36284,19883
9377,48155,11824,31779,11814,36331,19965
9394,48235,11848,31883,11829,36387,20054
9411,48319,11864,31978,11846,36455,20132
9427,48368,11875,32054,11859,36493,20195
9444,48292,11885,31902,11880,36407,20022
9461,47917,11897,31367,11879,36020,19488
9477,47526,11890,30728,11881,35636,18847
9494,47264,11892,30364,11876,35372,18488
9511,47055,11888,30093,11873,35167,18220
9527,46917,11878,29887,11868,35039,18019
9544,46839,11874,29792,11868,34965,17924
9561,46782,11856,29717,11846,34926,17871
9577,46745,11816,29691,11809,34929,17882
9594,46743,11797,29710,11781,34946,17929
9611,46768,11795,29733,11778,34973,17955
9627,46796,11803,29790,11791,34993,17999
9644,46827,11806,29843,11799,35021,18044
9661,46851,11807,29879,11787,35044,18092
9677,46879,11792,29914,11788,35087,18126
9694,46873,11765,29927,11742,35108,18185
9711,46872,11731,29934,11718,35141,18216
9727,46879,11729,29946,11716,35150,18230
9744,46883,11756,29942,11742,35127,18200
9761,46901,11786,29942,11770,35115,18172
9777,46898,11799,29922,11798,35099,18124
9794,46867,11795,29874,11776,35072,18098
9811,46803,11751,29817,11739,35052,18078
9827,46791,11722,29795,11715,35069,18080
9844,46789,11725,29816,11711,35064,18105
9861,46840,11746,29871,11727,35094,18144
9877,46924,11781,29979,11774,35143,18205
9894,47002,11821,30071,11805,35181,18266
9911,47059,11829,30145,11814,35230,18331
9927,47088,11798,30203,11786,35290,18417
9944,47095,11760,30246,11747,35335,18499
9961,47137,11740,30295,11722,35397,18573
9977,47213,11748,30398,11734,35465,18664
9994,47298,11781,30522,11765,35517,18757
10011,47390,11821,30625,11806,35569,18819
10027,47459,11841,30727,11829,35618,18898
10044,47497,11830,30783,11825,35667,18958
10061,47516,11805,30822,11793,35711,19029
10078,47549,11800,30870,11781,35749,19089
10094,47597,11815,30926,11802,35782,19124
10111,47650,11828,30996,11812,35822,19184
10128,47691,11828,31060,11815,35863,19245
10143,47714,11821,31099,11805,35893,19294
10160,47743,11805,31148,11793,35938,19355
10177,47802,11808,31229,11802,35994,19427
10193,47871,11835,31323,11818,36036,19505
10210,47941,11850,31419,11839,36091,19580
10227,48020,11858,31523,11846,36162,19677
10243,48051,11842,31564,11833,36209,19731
10260,47954,11807,31405,11792,36147,19613
10277,47558,11773,30873,11764,35785,19109
10293,47124,11761,30185,11745,35363,18440
10310,46844,11745,29789,11740,35099,18049
10327,46622,11750,29505,11736,34872,17769
10343,46490,11764,29295,11752,34726,17543
10360,46418,11785,29193,11775,34633,17418
10377,46397,11813,29175,11811,34584,17364
10393,46374,11802,29136,11787,34572,17349
10410,46307,11731,29072,11716,34576,17356
10427,46259,11663,29049,11658,34596,17391
10443,46261,11645,29072,11629,34616,17443
10460,46298,11663,29120,11653,34635,17467
10477,46371,11714,29204,11705,34657,17499
10493,46453,11768,29310,11747,34685,17563
10510,46498,11780,29373,11769,34718,17604
10527,46507,11758,29382,11749,34749,17633
10543,46459,11701,29336,11693,34758,17643
10560,46412,11660,29276,11645,34752,17631
10577,46389,11652,29244,11647,34737,17597
10593,46386,11679,29231,11664,34707,17567
10610,46402,11719,29239,11706,34683,17533
10627,46435,11764,29263,11751,34671,17512
10643,46448,11779,29282,11772,34669,17510
10660,46464,11781,29292,11765,34683,17527
10677,46470,11760,29312,11750,34710,17562
10693,46472,11734,29335,11716,34738,17619
10710,46476,11702,29360,11681,34774,17679
10727,46499,11664,29402,11655,34835,17747
10743,46510,11624,29453,11616,34886,17837
10760,46528,11586,29491,11567,34942,17924
10777,46576,11560,29573,11549,35016,18024
10793,46624,11558,29648,11547,35066,18101
10810,46676,11564,29722,11553,35112,18169
10827,46740,11578,29804,11555,35162,18249
10843,46778,11566,29877,11555,35212,18322
10860,46812,11539,29922,11528,35273,18394
10877,46842,11522,29971,11515,35320,18456
10893,46874,11515,30040,11501,35359,18539
10910,46920,11515,30088,11502,35405,18586
10927,46956,11519,30150,11508,35437,18642
10943,46981,11510,30201,11494,35471,18707
10960,47021,11503,30239,11489,35518,18750
10977,47067,11500,30297,11494,35567,18803
10993,47107,11516,30358,11490,35591,18868
11010,47164,11506,30429,11497,35658,18932
11027,47226,11513,30513,11500,35713,19013
11043,47278,11501,30612,11489,35777,19123
11060,47325,11498,30685,11479,35827,19206
11077,47274,11495,30610,11487,35779,19123
11093,46956,11502,30079,11483,35454,18596
11110,46517,11495,29489,11478,35022,18011
11127,46238,11491,29081,11474,34747,17607
11144,46037,11472,28755,11465,34565,17290
11159,45881,11468,28552,11458,34413,17094
11176,45800,11470,28449,11458,34330,16991
11193,45745,11471,28384,11456,34274,16928
11209,45730,11475,28362,11459,34255,16903
11226,45742,11470,28388,11457,34272,16931
11243,45760,11462,28428,11448,34298,16980
11259,45784,11449,28465,11441,34335,17024
11276,45815,11456,28522,11441,34359,17081
11293,45835,11436,28579,11432,34399,17147
11309,45856,11422,28634,11403,34434,17231
11326,45875,11405,28669,11398,34470,17271
11343,45888,11392,28675,11382,34496,17293
11359,45885,11387,28679,11373,34498,17306
11376,45886,11389,28663,11368,34497,17295
11393,45851,11381,28628,11363,34470,17265
11409,45823,11379,28569,11365,34444,17204
11426,45792,11372,28520,11362,34420,17158
11443,45769,11362,28499,11342,34407,17157
11459,45765,11338,28503,11327,34427,17176
11476,45788,11343,28553,11325,34445,17228
11493,45820,11340,28611,11321,34480,17290
11509,45858,11335,28660,11318,34523,17342
11526,45896,11332,28719,11322,34564,17397
11543,45950,11329,28778,11311,34621,17467
11559,46000,11317,28879,11307,34683,17572
11576,46073,11332,28977,11312,34741,17665
11593,46147,11332,29074,11314,34815,17760
11609,46208,11327,29179,11309,34881,17870
11626,46266,11327,29264,11313,34939,17951
11643,46327,11328,29338,11309,34999,18029
11659,46380,11330,29429,11317,35050,18112
11676,46450,11350,29524,11331,35100,18193
11693,46514,11354,29612,11343,35160,18269
11709,46564,11361,29703,11347,35203,18356
11726,46613,11374,29776,11361,35239,18415
11743,46655,11377,29831,11358,35278,18473
11759,46708,11379,29882,11364,35329,18518
11776,46766,11405,29963,11387,35361,18576
11793,46827,11421,30037,11402,35406,18635
11809,46898,11443,30157,11427,35455,18730
11826,46983,11465,30261,11452,35518,18809
11843,47069,11484,30371,11469,35585,18902
11859,47176,11520,30516,11510,35656,19006
11876,47301,11573,30656,11556,35728,19100
11893,47353,11613,30722,11595,35740,19127
11909,47194,11616,30430,11603,35578,18827
11926,46699,11593,29779,11583,35106,18196
11943,46292,11549,29185,11536,34743,17649
11959,46006,11489,28739,11476,34517,17263
11976,45773,11447,28454,11430,34326,17024
11993,45659,11439,28287,11419,34220,16868
12009,45620,11451,28229,11445,34169,16784
12026,45643,11482,28250,11475,34161,16775
12043,45672,11501,28278,11491,34171,16787
12059,45705,11502,28350,11490,34203,16860
12076,45727,11487,28401,11468,34240,16933
12093,45739,11455,28432,11441,34284,16991
12110,45778,11449,28497,11428,34329,17069
12126,45860,11469,28598,11462,34391,17136
12143,45966,11520,28722,11501,34446,17221
12160,46017,11526,28802,11507,34491,17295
12175,45988,11480,28778,11467,34508,17311
12192,45966,11465,28768,11448,34501,17320
12209,45964,11486,28753,11472,34478,17281
12225,45960,11531,28707,11508,34429,17199
12242,45945,11550,28654,11536,34395,17118
12259,45929,11564,28637,11553,34365,17084
12275,45965,11605,28664,11583,34360,17081
12292,46004,11626,28710,11612,34378,17098
12309,46043,11622,28756,11608,34421,17148
12325,46058,11606,28807,11596,34452,17211
12342,46067,11571,28835,11562,34496,17273
12359,46118,11559,28913,11548,34559,17365
12375,46183,11563,29001,11549,34620,17452
12392,46258,11586,29114,11571,34672,17543
12409,46356,11617,29206,11598,34739,17608
12425,46444,11648,29347,11626,34796,17721
12442,46539,11677,29476,11669,34862,17807
12459,46669,11738,29629,11722,34931,17907
12475,46790,11806,29792,11789,34984,18003
12492,46870,11833,29887,11821,35037,18066
12509,46828,11748,29850,11738,35080,18112
12525,46750,11626,29800,11616,35124,18184
12542,46740,11569,29815,11558,35171,18257
12559,46773,11554,29871,11549,35219,18322
12575,46835,11582,29952,11571,35253,18381
12592,46896,11612,30025,11601,35284,18424
12609,46971,11631,30105,11615,35340,18490
12625,47016,11628,30191,11615,35388,18576
12642,47060,11612,30249,11599,35448,18650
12659,47138,11616,30350,11610,35522,18740
12675,47225,11648,30492,11630,35577,18862
12692,47255,11669,30509,11658,35586,18851
12709,47055,11684,30197,11669,35371,18528
12725,46595,11633,29457,11612,34962,17845
12742,46113,11531,28870,11506,34582,17364
12759,45857,11481,28507,11476,34376,17031
12775,45728,11507,28272,11503,34221,16769
12792,45651,11547,28174,11533,34104,16641
12809,45611,11572,28125,11552,34039,16573
12825,45565,11536,28069,11522,34029,16547
12842,45531,11489,28048,11475,34042,16573
12859,45546,11474,28091,11459,34072,16632
12875,45587,11472,28149,11453,34115,16696
12892,45610,11459,28213,11446,34151,16767
12909,45682,11489,28274,11468,34193,16806
12925,45781,11550,28410,11544,34231,16866
12942,45899,11600,28530,11591,34299,16939
12959,45969,11643,28627,11631,34326,16996
12975,46028,11677,28696,11663,34351,17033
12992,46058,11700,28721,11698,34358,17023
13009,46034,11703,28693,11687,34331,17006
13025,45925,11629,28565,11607,34296,16958
13042,45772,11516,28391,11494,34256,16897
13059,45698,11445,28309,11442,34253,16867
13075,45668,11426,28276,11404,34242,16872
13092,45664,11399,28277,11384,34265,16893
13109,45677,11382,28321,11364,34295,16957
13126,45720,11375,28392,11366,34345,17026
13142,45784,11377,28467,11371,34407,17096
13159,45857,11410,28562,11391,34447,17171
13176,45955,11449,28693,11435,34506,17258
13191,46040,11478,28817,11456,34562,17361
13208,46128,11489,28928,11481,34639,17447
13225,46218,11524,29033,11505,34694,17528
13241,46306,11556,29166,11544,34750,17622
13258,46418,11604,29291,11587,34814,17704
13275,46513,11640,29420,11631,34873,17789
13291,46553,11623,29501,11615,34930,17886
13308,46512,11531,29480,11510,34981,17970
13325,46480,11451,29453,11437,35029,18016
13341,46485,11415,29495,11399,35070,18096
13358,46542,11427,29568,11407,35115,18161
13375,46620,11463,29665,11442,35157,18223
13391,46704,11500,29783,11478,35204,18305
13408,46785,11539,29889,11527,35246,18362
13425,46888,11587,29981,11568,35301,18413
13441,46951,11598,30096,11586,35353,18510
13458,47010,11593,30185,11571,35417,18614
13475,47062,11568,30259,11557,35494,18702
13491,47069,11561,30269,11546,35508,18723
13508,46939,11555,30014,11545,35384,18469
13525,46503,11569,29415,11546,34934,17869
13541,46143,11588,28815,11575,34555,17240
13558,45906,11608,28463,11588,34298,16875
13575,45666,11581,28177,11570,34085,16607
13591,45496,11549,27912,11539,33947,16373
13608,45368,11523,27766,11507,33845,16259
13625,45309,11489,27687,11479,33820,16208
13641,45285,11474,27691,11464,33811,16227
13658,45305,11485,27718,11465,33820,16253
13675,45325,11475,27753,11467,33850,16286
13691,45333,11463,27772,11450,33870,16322
13708,45345,11453,27799,11437,33892,16362
13725,45375,11455,27843,11439,33920,16404
13741,45407,11453,27899,11438,33954,16461
13758,45460,11474,27960,11456,33986,16504
13775,45511,11517,28003,11501,33994,16502
13791,45541,11548,28033,11538,33993,16495
13808,45578,11576,28058,11566,34002,16492
13825,45598,11621,28056,11605,33977,16451
13841,45533,11573,27982,11554,33960,16428
13858,45400,11471,27859,11445,33929,16414
13875,45383,11450,27831,11432,33933,16399
13891,45411,11477,27863,11470,33934,16393
13908,45487,11517,27943,11502,33970,16441
13925,45545,11553,28016,11538,33992,16478
13941,45600,11564,28094,11556,34036,16538
13958,45655,11580,28175,11560,34075,16615
13975,45711,11568,28267,11555,34143,16712
13991,45727,11525,28327,11515,34202,16812
14008,45732,11478,28362,11465,34254,16897
14025,45753,11443,28394,11424,34310,16970
14041,45805,11435,28478,11423,34370,17055
14058,45889,11471,28572,11455,34418,17117
14075,45986,11516,28697,11496,34470,17201
14091,46067,11550,28806,11537,34517,17269
14108,46167,11590,28892,11582,34577,17310
14125,46240,11635,28971,11623,34605,17348
14142,46285,11627,29048,11616,34658,17432
14158,46266,11587,29066,11559,34679,17507
14175,46261,11503,29060,11498,34758,17562
14192,46265,11475,29108,11460,34790,17648
14207,46293,11458,29168,11446,34835,17722
14224,46345,11451,29244,11445,34894,17799
14241,46420,11471,29350,11460,34949,17890
14257,46522,11516,29478,11503,35006,17975
14274,46608,11529,29605,11514,35079,18091
14291,46672,11530,29696,11515,35142,18181
14307,46646,11521,29653,11506,35125,18147
14324,46388,11505,29230,11492,34883,17738
14341,45937,11478,28644,11467,34459,17177
14357,45646,11470,28144,11457,34176,16687
14374,45418,11448,27838,11433,33970,16405
14391,45242,11437,27625,11426,33805,16199
14407,45132,11423,27480,11408,33709,16072
14424,45073,11415,27402,11409,33658,15993
14441,45047,11417,27375,11401,33630,15974
14457,45076,11433,27413,11421,33643,15992
14474,45140,11468,27499,11456,33672,16043
14491,45213,11514,27575,11494,33699,16081
14507,45279,11550,27670,11538,33729,16132
14524,45339,11567,27744,11560,33772,16184
14541,45355,11556,27772,11539,33799,16233
14557,45352,11507,27781,11483,33845,16298
14574,45329,11462,27791,11442,33867,16349
14591,45307,11413,27774,11404,33894,16370
14607,45286,11385,27738,11372,33901,16366
14624,45255,11368,27689,11358,33887,16331
14641,45250,11392,27661,11377,33858,16284
14657,45271,11428,27669,11411,33843,16258
14674,45285,11451,27692,11440,33834,16252
14691,45290,11454,27696,11438,33836,16258
14707,45300,11446,27724,11434,33854,16290
14724,45315,11433,27753,11414,33882,16339
14741,45349,11419,27790,11406,33930,16384
14757,45395,11425,27860,11405,33970,16455
14774,45460,11435,27940,11428,34025,16512
14791,45536,11455,28025,11441,34081,16584
14807,45619,11472,28139,11467,34147,16672
14824,45689,11473,28229,11461,34216,16768
14841,45748,11470,28317,11456,34278,16861
14857,45816,11480,28408,11462,34336,16946
14874,45881,11490,28487,11482,34391,17005
14891,45937,11510,28563,11491,34427,17072
14907,45984,11518,28619,11502,34466,17117
14924,46024,11514,28660,11508,34510,17152
14941,46063,11525,28713,11509,34538,17204
14957,46115,11541,28784,11522,34574,17262
14974,46162,11552,28832,11539,34610,17293
14991,46204,11563,28866,11547,34641,17319
15007,46256,11575,28939,11564,34681,17375
15024,46359,11618,29049,11609,34741,17440
15041,46467,11692,29178,11672,34775,17506
15057,46525,11683,29257,11655,34842,17602
15074,46473,11568,29243,11546,34905,17697
15091,46491,11505,29307,11495,34986,17812
15107,46566,11511,29397,11500,35055,17897
15124,46568,11507,29382,11497,35061,17885
15141,46364,11500,29051,11487,34864,17564
15158,46032,11501,28541,11474,34531,17067
15174,45748,11504,28162,11490,34244,16672
15191,45593,11533,27899,11515,34060,16384
15208,45491,11544,27766,11532,33947,16234
15223,45419,11541,27676,11528,33878,16148
15240,45406,11550,27660,11540,33856,16120
15257,45476,11611,27719,11592,33865,16127
15273,45529,11627,27790,11619,33902,16171
15290,45547,11597,27835,11586,33950,16249
15307,45554,11557,27843,11546,33997,16297
15323,45578,11541,27899,11533,34037,16366
15340,45651,11541,27984,11528,34110,16456
15357,45725,11563,28092,11547,34162,16545
15373,45800,11572,28184,11563,34228,16621
15390,45848,11569,28249,11564,34279,16685
15407,45868,11567,28288,11553,34301,16735
15423,45855,11557,28268,11539,34298,16729
15440,45832,11553,28237,11540,34279,16697
15457,45820,11567,28196,11555,34253,16641
15473,45820,11590,28181,11577,34230,16604
15490,45838,11608,28195,11599,34230,16596
15507,45875,11648,28238,11632,34227,16606
15523,45925,11670,28306,11663,34255,16643
15540,45995,11702,28406,11682,34293,16724
15557,46061,11715,28488,11710,34346,16778
15573,46088,11694,28529,11682,34394,16847
15590,46109,11643,28587,11631,34466,16956
15607,46137,11604,28636,11585,34533,17051
15623,46186,11591,28713,11580,34595,17133
15640,46273,11613,28810,11595,34660,17215
15657,46383,11670,28935,11650,34713,17285
15673,46487,11716,29065,11711,34771,17354
15690,46545,11720,29140,11703,34825,17437
15707,46545,11671,29159,11663,34874,17496
15723,46532,11619,29172,11601,34913,17571
15740,46564,11607,29226,11594,34957,17632
15757,46644,11642,29313,11632,35002,17681
15773,46700,11664,29405,11651,35036,17754
15790,46752,11664,29456,11650,35088,17806
15807,46794,11667,29533,11651,35127,17882
15823,46845,11669,29614,11659,35176,17955
15840,46921,11687,29694,11673,35234,18021
15857,47001,11720,29800,11707,35281,18093
15873,47083,11747,29903,11736,35336,18167
15890,47105,11744,29930,11731,35361,18199
15907,46951,11716,29722,11697,35235,18025
15923,46584,11658,29122,11650,34926,17472
15940,46221,11637,28676,11619,34584,17057
15957,46041,11644,28394,11629,34397,16765
15973,45928,11661,28194,11654,34267,16540
15990,45852,11669,28105,11658,34183,16447
16007,45823,11674,28058,11659,34149,16399
16023,45814,11662,28050,11648,34152,16402
16040,45850,11670,28090,11650,34180,16440
16057,45916,11688,28190,11678,34228,16512
16073,45975,11696,28267,11682,34279,16585
16090,46039,11705,28340,11693,34334,16647
16107,46097,11711,28433,11693,34386,16740
16123,46155,11699,28520,11682,34456,16838
16140,46202,11688,28595,11669,34514,16926
16157,46238,11669,28638,11657,34569,16981
16174,46224,11633,28635,11617,34591,17018
16190,46186,11605,28604,11590,34581,17014
16207,46181,11622,28571,11604,34559,16967
16224,46182,11648,28557,11643,34534,16914
16239,46200,11695,28561,11677,34505,16884
16256,46200,11700,28562,11687,34500,16875
16273,46163,11658,28530,11645,34505,16885
16289,46137,11618,28511,11610,34519,16901
16306,46174,11616,28559,11606,34558,16953
16323,46235,11651,28644,11636,34584,17008
16339,46331,11704,28752,11689,34627,17063
16356,46431,11746,28875,11737,34685,17138
16373,46456,11714,28925,11703,34742,17222
16389,46442,11647,28943,11630,34795,17313
16406,46458,11604,28981,11591,34854,17390
16423,46483,11575,29022,11556,34908,17466
16439,46515,11546,29089,11522,34969,17567
16456,46562,11539,29172,11530,35023,17642
16473,46612,11550,29233,11533,35062,17700
16489,46651,11546,29310,11532,35105,17778
16506,46696,11534,29373,11527,35162,17846
16523,46716,11524,29420,11508,35192,17912
16539,46755,11523,29482,11503,35232,17979
16556,46800,11529,29542,11511,35271,18031
16573,46836,11531,29594,11513,35305,18081
16589,46881,11529,29657,11522,35352,18135
16606,46930,11539,29716,11527,35391,18189
16623,46972,11540,29789,11526,35432,18263
16639,47031,11555,29880,11540,35476,18340
16656,47061,11579,29904,11567,35482,18337
16673,46892,11600,29639,11582,35292,18057
16689,46570,11605,29092,11594,34965,17498
16706,46271,11606,28709,11593,34665,17116
16723,46041,11583,28398,11572,34458,16826
16739,45868,11558,28142,11541,34310,16601
16756,45751,11537,27998,11522,34214,16476
16773,45681,11517,27912,11505,34164,16407
16789,45667,11510,27896,11500,34157,16396
16806,45699,11529,27913,11515,34170,16398
16823,45727,11533,27964,11519,34194,16445
16839,45775,11547,28032,11537,34228,16495
16856,45811,11566,28074,11552,34245,16522
16873,45821,11554,28082,11542,34267,16540
16889,45844,11550,28134,11539,34294,16595
16906,45888,11563,28183,11553,34325,16630
16923,45927,11585,28235,11567,34342,16668
16939,45983,11612,28305,11599,34371,16706
16956,46020,11644,28353,11625,34376,16728
16973,46018,11640,28340,11625,34378,16715
16989,45974,11598,28326,11587,34376,16739
17006,45924,11547,28298,11530,34377,16768
17023,45849,11433,28341,11414,34416,16927
17039,45850,11428,28339,11411,34422,16928
17056,45902,11459,28394,11442,34443,16952
17073,45979,11527,28498,11508,34452,16990
17089,46034,11547,28553,11536,34487,17017
17106,46050,11537,28553,11529,34513,17024
17123,46072,11535,28558,11521,34537,17037
17139,46116,11542,28605,11521,34574,17084
17156,46176,11561,28652,11548,34615,17104
17173,46225,11573,28693,11560,34652,17133
17190,46255,11554,28732,11543,34701,17189
17206,46280,11537,28767,11526,34743,17241
17223,46279,11509,28772,11494,34770,17278
17240,46297,11513,28753,11501,34784,17252
17255,46342,11527,28792,11510,34815,17282
17272,46373,11524,28840,11513,34849,17327
17289,46414,11537,28884,11525,34877,17359
17305,46432,11539,28924,11527,34893,17397
17322,46461,11534,28954,11516,34927,17438
17339,46498,11527,29024,11518,34971,17506
17355,46555,11546,29094,11534,35009,17560
17372,46624,11563,29181,11542,35061,17639
17389,46687,11571,29265,11554,35116,17711
17405,46754,11598,29362,11587,35156,17775
17422,46751,11619,29357,11602,35132,17755
17439,46553,11598,29059,11595,34955,17464
17455,46247,11545,28567,11526,34702,17041
17472,45943,11493,28197,11486,34450,16711
17489,45735,11462,27905,11445,34273,16460
17505,45580,11427,27681,11413,34153,16268
17522,45487,11404,27575,11391,34083,16184
17539,45469,11398,27565,11397,34071,16168
17555,45492,11414,27592,11393,34078,16199
17572,45536,11419,27642,11408,34117,16234
17589,45585,11435,27718,11423,34150,16295
17605,45623,11452,27781,11441,34171,16340
17622,45683,11472,27833,11461,34211,16372
17639,45749,11509,27913,11509,34240,16404
17655,45806,11547,27996,11539,34259,16457
17672,45858,11561,28047,11547,34297,16500
17689,45880,11566,28086,11548,34314,16538
17705,45896,11557,28109,11550,34339,16559
17722,45926,11573,28136,11560,34353,16576
17739,45948,11588,28146,11579,34360,16567
17755,45942,11590,28124,11572,34352,16552
17772,45889,11549,28083,11533,34340,16550
17789,45856,11511,28037,11497,34345,16540
17805,45852,11501,28033,11495,34351,16538
17822,45884,11513,28062,11505,34371,16557
17839,45935,11537,28131,11531,34398,16600
17855,45981,11558,28195,11544,34423,16651
17872,46036,11570,28254,11554,34466,16700
17889,46068,11554,28310,11545,34514,16765
17905,46062,11505,28332,11490,34557,16842
17922,46014,11416,28294,11387,34598,16907
17939,45982,11316,28281,11314,34666,16967
17955,45996,11286,28340,11273,34710,17067
17972,46055,11291,28393,11285,34764,17108
17989,46115,11322,28476,11306,34793,17170
18005,46190,11358,28579,11345,34832,17234
18022,46273,11395,28653,11385,34878,17268
18039,46325,11418,28724,11404,34907,17320
18055,46365,11423,28769,11409,34942,17360
18072,46370,11401,28786,11389,34969,17397
18089,46379,11376,28824,11359,35003,17465
18105,46391,11361,28844,11348,35030,17496
18122,46430,11358,28889,11340,35072,17549
18139,46494,11364,28974,11360,35130,17614
18155,46547,11374,29057,11359,35173,17698
18172,46584,11377,29094,11365,35207,17729
18189,46507,11369,28955,11354,35138,17601
18206,46296,11354,28628,11346,34942,17282
18222,46052,11351,28310,11335,34701,16975
18239,45890,11350,28031,11343,34540,16688
18256,45780,11359,27871,11348,34421,16523
18271,45713,11364,27789,11348,34349,16441
18288,45710,11372,27780,11358,34338,16422
18305,45742,11387,27824,11373,34355,16451
18321,45827,11434,27939,11423,34393,16516
18338,45974,11521,28100,11509,34453,16591
18355,46135,11632,28279,11608,34503,16671
18371,46264,11726,28429,11714,34538,16715
18388,46320,11741,28496,11725,34579,16771
18405,46291,11674,28473,11668,34617,16805
18421,46246,11607,28418,11595,34639,16823
18438,46233,11554,28436,11536,34679,16900
18455,46190,11477,28401,11467,34713,16934
18471,46114,11390,28332,11372,34724,16960
18488,46074,11341,28290,11326,34733,16964
18505,46030,11292,28245,11278,34738,16967
18521,46010,11267,28214,11254,34743,16960
18538,46014,11289,28225,11267,34725,16958
18555,46042,11288,28240,11274,34754,16966
18571,46059,11296,28278,11281,34763,16997
18588,46096,11293,28330,11282,34803,17048
18605,46132,11293,28379,11274,34839,17105
18621,46169,11293,28433,11279,34876,17154
18638,46230,11302,28509,11287,34928,17222
18655,46284,11309,28580,11292,34975,17288
18671,46342,11318,28668,11306,35024,17362
18688,46411,11329,28742,11316,35082,17426
18705,46482,11359,28822,11340,35123,17482
18721,46567,11400,28949,11390,35167,17559
18738,46694,11478,29079,11467,35216,17612
18755,46803,11558,29207,11541,35245,17666
18771,46879,11605,29312,11587,35274,17725
18788,46970,11644,29403,11633,35326,17770
18805,47028,11680,29477,11662,35348,17815
18821,47063,11674,29517,11656,35389,17861
18838,47094,11665,29577,11651,35429,17926
18855,47131,11651,29630,11643,35480,17987
18871,47157,11636,29678,11621,35521,18057
18888,47190,11606,29731,11594,35584,18137
18905,47179,11571,29735,11559,35608,18176
18921,47054,11539,29552,11529,35515,18023
18938,46852,11553,29275,11538,35299,17737
18955,46679,11546,28980,11532,35133,17448
18971,46436,11437,28667,11413,34999,17254
18988,46214,11315,28426,11307,34899,17119
19005,46126,11259,28317,11250,34867,17067
19021,46129,11247,28333,11238,34882,17095
19038,46194,11278,28421,11266,34916,17155
19055,46278,11306,28524,11284,34972,17240
19071,46363,11323,28646,11312,35040,17334
19088,46466,11360,28761,11347,35106,17414
19105,46554,11400,28875,11380,35154,17495
19121,46647,11448,29002,11442,35199,17560
19138,46795,11529,29160,11520,35266,17640
19155,46933,11633,29326,11612,35300,17714
19171,47067,11738,29476,11734,35329,17742
19188,47192,11837,29601,11824,35355,17777
19205,47147,11780,29552,11775,35367,17777
19222,46879,11516,29268,11492,35363,17776
19238,46812,11461,29200,11453,35351,17747
19255,46816,11481,29197,11460,35335,17737
19272,46790,11453,29156,11438,35337,17718
19287,46768,11412,29154,11392,35356,17762
19304,46778,11393,29165,11382,35385,17783
19321,46832,11413,29231,11400,35419,17831
19337,46903,11444,29314,11429,35459,17885
19354,46970,11462,29400,11449,35508,17951
19371,47029,11474,29469,11457,35555,18012
19387,47094,11499,29565,11484,35595,18081
19404,47175,11528,29651,11514,35647,18137
19421,47256,11558,29749,11547,35698,18202
19437,47324,11593,29844,11574,35731,18270
19454,47387,11606,29922,11587,35781,18335
19471,47429,11607,29979,11592,35822,18387
19487,47484,11634,30053,11627,35850,18426
19504,47549,11655,30122,11640,35894,18482
19521,47602,11673,30203,11665,35929,18538
19537,47632,11663,30239,11649,35969,18590
19554,47603,11611,30234,11592,35992,18642
19571,47643,11607,30282,11584,36036,18698
19587,47744,11664,30419,11657,36080,18762
19604,47856,11721,30529,11706,36135,18823
19621,47854,11709,30547,11702,36145,18845
19637,47692,11650,30300,11628,36042,18672
19654,47450,11620,29972,11609,35830,18363
19671,47336,11673,29753,11654,35663,18099
19687,47286,11758,29661,11755,35528,17906
19704,47252,11798,29597,11785,35454,17812
19721,47169,11730,29493,11728,35439,17765
19737,47102,11653,29445,11627,35449,17818
19754,47141,11634,29501,11620,35507,17881
19771,47253,11692,29652,11675,35561,17977
19787,47373,11753,29801,11743,35620,18058
19804,47446,11752,29886,11739,35694,18147
19821,47468,11716,29926,11709,35752,18217
19837,47514,11720,30001,11701,35794,18300
19854,47590,11733,30093,11723,35857,18370
19871,47618,11717,30142,11704,35901,18438
19887,47582,11657,30129,11648,35925,18481
19904,47583,11649,30116,11634,35934,18482
19921,47639,11712,30178,11694,35927,18484
19937,47679,11757,30204,11747,35922,18457
19954,47549,11644,30072,11633,35905,18439
19971,47413,11520,29910,11506,35893,18404
19987,47392,11499,29900,11488,35893,18412
20004,47536,11627,30041,11598,35909,18443
20021,47754,11815,30306,11794,35939,18512
20037,47848,11864,30378,11844,35984,18534
20054,47675,11650,30234,11646,36025,18588
20071,47639,11567,30213,11555,36072,18658
20087,47650,11545,30247,11533,36105,18714
20104,47697,11543,30295,11532,36154,18763
20121,47779,11577,30404,11562,36202,18842
20137,47888,11649,30533,11636,36239,18897
20154,48014,11723,30669,11705,36291,18964
20171,48138,11811,30822,11785,36327,19037
20187,48205,11845,30898,11832,36360,19066
20204,48165,11756,30878,11746,36409,19132
20221,48127,11673,30846,11665,36454,19181
20238,48159,11682,30899,11668,36477,19231
20254,48244,11741,30993,11715,36503,19278
20271,48294,11753,31069,11732,36541,19337
20288,48287,11714,31081,11702,36573,19379
20303,48300,11683,31108,11673,36617,19435
20320,48345,11686,31158,11666,36659,19492
20337,48366,11669,31201,11655,36697,19546
20353,48309,11655,31111,11649,36654,19462
20370,48102,11655,30823,11644,36447,19179
20387,47912,11662,30524,11640,36250,18884
20403,47759,11660,30287,11643,36099,18644
20420,47664,11680,30163,11654,35984,18509
20437,47649,11694,30130,11685,35955,18445
20453,47647,11690,30127,11675,35957,18452
20470,47660,11664,30157,11656,35996,18501
20487,47706,11654,30217,11641,36052,18576
20503,47746,11630,30298,11614,36116,18684
20520,47799,11621,30376,11595,36178,18781
20537,47836,11583,30455,11572,36253,18883
20553,47855,11557,30501,11545,36298,18956
20570,47905,11543,30573,11526,36362,19047
20587,47956,11544,30662,11521,36412,19141
20603,47996,11555,30711,11543,36441,19168
20620,48056,11593,30769,11575,36463,19194
20637,48107,11639,30821,11626,36468,19195
20653,48134,11689,30848,11677,36445,19171
20670,48169,11745,30865,11731,36424,19134
20687,48213,11809,30891,11787,36404,19104
20703,48223,11822,30909,11804,36401,19105
20720,48221,11815,30905,11787,36406,19118
20737,48210,11770,30914,11760,36440,19154
20753,48222,11748,30932,11729,36474,19203
20770,48244,11728,30964,11718,36516,19246
20787,48274,11723,31026,11700,36551,19326
20803,48321,11720,31076,11705,36601,19371
20820,48390,11739,31167,11725,36651,19442
20837,48439,11741,31231,11730,36698,19501
20853,48429,11696,31250,11671,36733,19579
20870,48405,11621,31238,11609,36784,19629
20887,48405,11589,31265,11576,36816,19689
20903,48450,11597,31312,11583,36853,19729
20920,48524,11636,31400,11615,36888,19785
20937,48604,11686,31498,11665,36918,19833
20953,48672,11728,31577,11716,36944,19861
20970,48745,11776,31648,11754,36969,19894
20987,48798,11803,31721,11782,36995,19939
21003,48820,11791,31753,11777,37029,19976
21020,48811,11742,31756,11731,37069,20025
21037,48802,11698,31761,11684,37104,20077
21053,48824,11673,31803,11663,37151,20140
21070,48862,11698,31841,11683,37164,20158
21087,48774,11722,31659,11704,37052,19955
21103,48545,11694,31326,11677,36851,19649
21120,48305,11657,31052,11643,36648,19409
21137,48165,11638,30817,11630,36527,19187
21153,48067,11613,30688,11602,36454,19086
21170,48024,11605,30644,11589,36419,19055
21187,48032,11591,30665,11577,36441,19088
21203,48039,11555,30696,11538,36484,19158
21220,48064,11514,30735,11504,36550,19231
21237,48110,11499,30808,11479,36611,19329
21254,48137,11464,30870,11455,36673,19415
21270,48185,11452,30929,11432,36733,19497
21287,48232,11440,30996,11423,36792,19573
21304,48277,11437,31063,11425,36840,19638
21319,48335,11455,31135,11434,36880,19701
21336,48366,11459,31167,11447,36907,19720
21353,48362,11456,31163,11434,36906,19729
21369,48353,11456,31145,11443,36897,19702
21386,48346,11471,31121,11463,36875,19658
21403,48365,11520,31120,11499,36845,19621
21419,48450,11623,31200,11612,36827,19588
21436,48579,11740,31318,11732,36839,19586
21453,48744,11902,31507,11872,36842,19635
21469,48823,11966,31591,11941,36857,19650
21486,48786,11883,31546,11864,36903,19682
21503,48697,11751,31452,11745,36946,19707
21519,48626,11640,31410,11620,36986,19790
21536,48642,11612,31438,11600,37030,19838
21553,48671,11605,31490,11585,37066,19905
21569,48711,11609,31551,11595,37102,19956
21586,48765,11607,31595,11590,37158,20005
21603,48808,11618,31668,11601,37190,20067
21619,48878,11652,31758,11635,37226,20123
21636,48951,11684,31843,11673,37267,20170
21653,48979,11680,31887,11670,37299,20217
21669,48978,11653,31890,11633,37325,20257
21686,48973,11614,31892,11602,37359,20290
21703,48976,11602,31892,11579,37374,20313
21719,48978,11571,31922,11546,37407,20376
21736,49011,11551,31956,11558,37460,20398
21753,49077,11602,32026,11580,37475,20446
21769,49142,11630,32124,11609,37512,20515
21786,49188,11638,32181,11616,37550,20565
21803,49196,11657,32176,11644,37539,20532
21819,49071,11685,31941,11668,37386,20273
21836,48823,11700,31614,11688,37123,19926
21853,48668,11724,31350,11703,36944,19647
21869,48551,11739,31185,11721,36812,19464
21886,48441,11707,31052,11694,36734,19358
21903,48370,11653,30969,11640,36717,19329
21919,48368,11627,30980,11607,36741,19373
21936,48405,11611,31030,11600,36794,19430
21953,48454,11612,31110,11598,36842,19512
21969,48523,11619,31196,11601,36904,19595
21986,48697,11642,31364,11708,37055,19656
