Tiempo (ms),IR,AMB_IR,RED,AMB_RED,IR_net,RED_net
5014,54525,1090,59896,1058,53435,58838
5031,54528,1083,59914,1045,53445,58869
5048,54534,1084,59910,1050,53450,58860
5063,54496,1059,59877,1024,53437,58853
5080,54504,1086,59841,1049,53418,58792
5097,54430,1065,59765,1031,53365,58734
5113,54396,1082,59722,1055,53314,58667
5130,54355,1086,59676,1050,53269,58626
5147,54336,1078,59652,1046,53258,58606
5163,54340,1086,59626,1050,53254,58576
5180,54350,1089,59683,1053,53261,58630
5197,54379,1090,59691,1060,53289,58631
5213,54411,1092,59734,1061,53319,58673
5230,54434,1093,59770,1056,53341,58714
5247,54463,1083,59774,1051,53380,58723
5263,54480,1076,59809,1046,53404,58763
5280,54510,1087,59857,1050,53423,58807
5297,54546,1095,59894,1059,53451,58835
5313,54566,1095,59914,1060,53471,58854
5330,54570,1087,59949,1058,53483,58891
5347,54584,1069,59956,1040,53515,58916
5363,54612,1083,59974,1048,53529,58926
5380,54624,1087,60015,1049,53537,58966
5397,54646,1099,60031,1062,53547,58969
5413,54663,1096,60040,1059,53567,58981
5430,54651,1065,60034,1035,53586,58999
5447,54682,1095,60079,1061,53587,59018
5463,54685,1072,60104,1050,53613,59054
5480,54712,1097,60125,1059,53615,59066
5497,54725,1102,60125,1069,53623,59056
5513,54738,1107,60150,1066,53631,59084
5530,54735,1093,60148,1057,53642,59091
5547,54736,1092,60130,1062,53644,59068
5563,54708,1095,60107,1064,53613,59043
5580,54663,1104,60036,1065,53559,58971
5597,54606,1104,59976,1072,53502,58904
5613,54560,1095,59910,1064,53465,58846
5630,54532,1093,59872,1059,53439,58813
5647,54540,1102,59884,1069,53438,58815
5663,54542,1089,59906,1057,53453,58849
5680,54589,1112,59953,1068,53477,58885
5697,54597,1089,59960,1062,53508,58898
5713,54649,1118,60031,1079,53531,58952
5730,54662,1100,60054,1067,53562,58987
5747,54708,1108,60083,1080,53600,59003
5763,54721,1107,60116,1069,53614,59047
5780,54741,1104,60146,1069,53637,59077
5797,54743,1081,60171,1052,53662,59119
5813,54781,1109,60168,1068,53672,59100
5830,54798,1113,60215,1080,53685,59135
5847,54814,1114,60219,1076,53700,59143
5863,54824,1105,60212,1076,53719,59136
5880,54835,1109,60255,1074,53726,59181
5897,54862,1116,60286,1081,53746,59205
5913,54856,1096,60286,1071,53760,59215
5930,54870,1098,60298,1059,53772,59239
5947,54881,1089,60322,1068,53792,59254
5963,54909,1106,60349,1075,53803,59274
5980,54939,1120,60390,1085,53819,59305
5997,54960,1128,60405,1097,53832,59308
6013,54962,1129,60430,1089,53833,59341
6030,54951,1095,60392,1069,53856,59323
6047,54967,1133,60410,1097,53834,59313
6064,54915,1116,60316,1079,53799,59237
6079,54858,1113,60292,1088,53745,59204
6096,54838,1139,60224,1102,53699,59122
6113,54789,1120,60190,1090,53669,59100
6129,54787,1125,60188,1093,53662,59095
6146,54796,1132,60208,1099,53664,59109
6163,54820,1130,60247,1094,53690,59153
6179,54847,1139,60257,1100,53708,59157
6196,54886,1142,60302,1101,53744,59201
6213,54891,1127,60323,1084,53764,59239
6229,54925,1124,60356,1082,53801,59274
6246,54941,1110,60386,1082,53831,59304
6263,54977,1115,60428,1089,53862,59339
6279,55006,1133,60444,1094,53873,59350
6296,55039,1149,60527,1111,53890,59416
6313,55063,1140,60551,1108,53923,59443
6329,55067,1138,60550,1097,53929,59453
6346,55088,1141,60579,1106,53947,59473
6363,55109,1138,60575,1108,53971,59467
6379,55126,1151,60622,1114,53975,59508
6396,55133,1143,60630,1107,53990,59523
6413,55164,1157,60661,1124,54007,59537
6429,55173,1159,60677,1120,54014,59557
6446,55179,1147,60685,1118,54032,59567
6463,55182,1132,60699,1100,54050,59599
6479,55231,1171,60746,1135,54060,59611
6496,55250,1172,60758,1142,54078,59616
6513,55226,1155,60752,1118,54071,59634
6529,55242,1174,60742,1139,54068,59603
6546,55173,1140,60639,1108,54033,59531
6563,55113,1132,60590,1106,53981,59484
6579,55063,1135,60509,1098,53928,59411
6596,55040,1149,60482,1117,53891,59365
6613,55015,1135,60446,1109,53880,59337
6629,55030,1156,60477,1119,53874,59358
6646,55035,1153,60482,1119,53882,59363
6663,55036,1130,60448,1086,53906,59362
6679,55094,1162,60548,1125,53932,59423
6696,55095,1138,60554,1102,53957,59452
6713,55152,1163,60610,1132,53989,59478
6729,55146,1131,60610,1098,54015,59512
6746,55172,1141,60658,1106,54031,59552
6763,55212,1162,60706,1122,54050,59584
6779,55236,1167,60724,1133,54069,59591
6796,55243,1152,60748,1122,54091,59626
6813,55268,1163,60773,1123,54105,59650
6829,55262,1145,60781,1104,54117,59677
6846,55275,1140,60781,1099,54135,59682
6863,55282,1142,60794,1111,54140,59683
6879,55303,1160,60815,1124,54143,59691
6896,55320,1165,60826,1134,54155,59692
6913,55326,1163,60818,1121,54163,59697
6929,55316,1147,60830,1111,54169,59719
6946,55323,1148,60827,1113,54175,59714
6963,55334,1141,60843,1110,54193,59733
6979,55345,1142,60864,1106,54203,59758
6996,55343,1141,60857,1111,54202,59746
7013,55340,1143,60848,1104,54197,59744
7029,55307,1137,60798,1098,54170,59700
7046,55282,1152,60726,1116,54130,59610
7063,55225,1158,60676,1117,54067,59559
7080,55176,1143,60621,1105,54033,59516
7095,55160,1137,60623,1107,54023,59516
7112,55177,1149,60628,1107,54028,59521
7129,55192,1156,60666,1120,54036,59546
7145,55203,1146,60663,1102,54057,59561
7162,55244,1158,60711,1114,54086,59597
7179,55272,1156,60734,1121,54116,59613
7195,55275,1133,60758,1100,54142,59658
7212,55327,1164,60818,1128,54163,59690
7229,55355,1152,60844,1119,54203,59725
7245,55339,1138,60815,1092,54201,59723
7262,55380,1148,60878,1103,54232,59775
7279,55404,1160,60919,1125,54244,59794
7295,55430,1163,60944,1132,54267,59812
7312,55431,1154,60958,1123,54277,59835
7329,55454,1161,60975,1127,54293,59848
7345,55460,1154,60992,1120,54306,59872
7362,55466,1148,61007,1115,54318,59892
7379,55485,1166,61022,1124,54319,59898
7395,55505,1160,61045,1125,54345,59920
7412,55506,1150,61047,1123,54356,59924
7429,55494,1133,61041,1101,54361,59940
7445,55505,1131,61036,1091,54374,59945
7462,55522,1145,61038,1096,54377,59942
7479,55521,1168,61075,1124,54353,59951
7495,55519,1162,61038,1134,54357,59904
7512,55482,1171,60970,1138,54311,59832
7529,55388,1163,60859,1130,54225,59729
7545,55333,1163,60787,1133,54170,59654
7562,55292,1165,60715,1129,54127,59586
7579,55286,1176,60726,1144,54110,59582
7595,55298,1177,60747,1142,54121,59605
7612,55293,1168,60778,1140,54125,59638
7629,55323,1167,60788,1128,54156,59660
7645,55331,1150,60788,1119,54181,59669
7662,55356,1153,60832,1117,54203,59715
7679,55410,1178,60898,1138,54232,59760
7695,55438,1174,60915,1142,54264,59773
7712,55436,1157,60944,1128,54279,59816
7729,55450,1148,60943,1119,54302,59824
7745,55488,1170,60980,1134,54318,59846
7762,55514,1172,61010,1137,54342,59873
7779,55501,1152,61003,1115,54349,59888
7795,55552,1185,61040,1149,54367,59891
7812,55545,1164,61066,1131,54381,59935
7829,55577,1179,61087,1142,54398,59945
7845,55590,1172,61109,1129,54418,59980
7862,55599,1168,61117,1133,54431,59984
7879,55608,1167,61131,1124,54441,60007
7895,55639,1175,61162,1144,54464,60018
7912,55657,1179,61177,1142,54478,60035
7929,55675,1177,61208,1143,54498,60065
7945,55678,1178,61203,1139,54500,60064
7962,55647,1146,61178,1117,54501,60061
7979,55636,1152,61162,1127,54484,60035
7995,55582,1157,61083,1122,54425,59961
8012,55511,1158,61001,1124,54353,59877
8029,55462,1162,60946,1124,54300,59822
8045,55458,1180,60944,1143,54278,59801
8062,55419,1155,60924,1126,54264,59798
8079,55454,1180,60966,1145,54274,59821
8096,55463,1175,60977,1141,54288,59836
8111,55487,1178,60999,1143,54309,59856
8128,55489,1169,61005,1135,54320,59870
8145,55535,1176,61033,1141,54359,59892
8161,55544,1159,61059,1127,54385,59932
8178,55587,1167,61129,1125,54420,60004
8195,55610,1185,61185,1142,54425,60043
8211,55636,1182,61203,1147,54454,60056
8228,55651,1182,61213,1151,54469,60062
8245,55662,1176,61217,1144,54486,60073
8261,55676,1184,61242,1147,54492,60095
8278,55696,1184,61271,1154,54512,60117
8295,55707,1175,61290,1147,54532,60143
8311,55712,1165,61291,1123,54547,60168
8328,55736,1171,61353,1139,54565,60214
8345,55761,1185,61369,1149,54576,60220
8361,55780,1186,61398,1150,54594,60248
8378,55766,1158,61393,1127,54608,60266
8395,55811,1190,61437,1152,54621,60285
8411,55807,1183,61430,1143,54624,60287
8428,55808,1169,61437,1137,54639,60300
8445,55819,1167,61444,1142,54652,60302
8461,55784,1164,61393,1121,54620,60272
8478,55788,1181,61381,1147,54607,60234
8495,55739,1194,61311,1157,54545,60154
8511,55668,1177,61231,1140,54491,60091
8528,55646,1186,61218,1147,54460,60071
8545,55624,1179,61187,1141,54445,60046
8561,55697,1186,61338,1150,54511,60188
8578,55737,1180,61411,1153,54557,60258
8595,55765,1189,61430,1152,54576,60278
8611,55748,1165,61424,1126,54583,60298
8628,55774,1167,61455,1131,54607,60324
8645,55805,1171,61477,1132,54634,60345
8661,55849,1192,61537,1159,54657,60378
8678,55856,1176,61535,1145,54680,60390
8695,55875,1188,61530,1153,54687,60377
8711,55867,1174,61543,1140,54693,60403
8728,55879,1187,61532,1133,54692,60399
8745,55876,1165,61536,1140,54711,60396
8761,55901,1192,61543,1152,54709,60391
8778,55920,1189,61583,1151,54731,60432
8795,55913,1169,61561,1133,54744,60428
8811,55951,1191,61613,1155,54760,60458
8828,55966,1193,61630,1161,54773,60469
8845,55974,1183,61625,1145,54791,60480
8861,55980,1182,61654,1142,54798,60512
8878,55978,1183,61644,1155,54795,60489
8895,55993,1190,61657,1151,54803,60506
8911,56002,1191,61652,1155,54811,60497
8928,55993,1190,61623,1152,54803,60471
8945,55985,1185,61634,1148,54800,60486
8961,55958,1180,61597,1142,54778,60455
8978,55929,1187,61541,1157,54742,60384
8995,55899,1195,61546,1157,54704,60389
9011,55889,1194,61537,1161,54695,60376
9028,55879,1191,61525,1152,54688,60373
9045,55875,1170,61537,1143,54705,60394
9061,55896,1177,61544,1149,54719,60395
9078,55920,1196,61576,1156,54724,60420
9095,55925,1189,61557,1148,54736,60409
9112,55923,1180,61568,1137,54743,60431
9127,55950,1183,61553,1145,54767,60408
9144,55975,1184,61618,1151,54791,60467
9161,55990,1168,61637,1133,54822,60504
9177,56042,1199,61698,1165,54843,60533
9194,56040,1181,61716,1146,54859,60570
9211,56043,1182,61714,1141,54861,60573
9227,56058,1187,61717,1145,54871,60572
9244,56040,1159,61697,1120,54881,60577
9261,56058,1177,61722,1128,54881,60594
9277,56100,1190,61768,1152,54910,60616
9294,56125,1199,61782,1167,54926,60615
9311,56128,1191,61805,1153,54937,60652
9327,56142,1192,61829,1155,54950,60674
9344,56160,1190,61825,1149,54970,60676
9361,56183,1191,61882,1160,54992,60722
9377,56198,1194,61912,1155,55004,60757
9394,56185,1168,61888,1139,55017,60749
9411,56205,1191,61915,1159,55014,60756
9427,56186,1191,61860,1152,54995,60708
9444,56132,1190,61828,1155,54942,60673
9461,56065,1188,61739,1148,54877,60591
9477,56028,1185,61695,1154,54843,60541
9494,56011,1201,61674,1160,54810,60514
9511,55999,1191,61655,1149,54808,60506
9527,55987,1173,61671,1135,54814,60536
9544,56011,1175,61680,1131,54836,60549
9561,56052,1189,61693,1153,54863,60540
9577,56079,1189,61755,1151,54890,60604
9594,56101,1193,61763,1158,54908,60605
9611,56120,1194,61775,1152,54926,60623
9627,56126,1183,61807,1144,54943,60663
9644,56128,1161,61803,1129,54967,60674
9661,56147,1162,61825,1124,54985,60701
9677,56196,1198,61872,1167,54998,60705
9694,56198,1192,61872,1159,55006,60713
9711,56197,1174,61863,1145,55023,60718
9727,56208,1181,61872,1138,55027,60734
9744,56242,1189,61914,1149,55053,60765
9761,56253,1189,61939,1157,55064,60782
9777,56279,1200,61980,1161,55079,60819
9794,56296,1198,61985,1161,55098,60824
9811,56309,1194,61986,1158,55115,60828
9827,56304,1180,62002,1146,55124,60856
9844,56329,1185,62030,1150,55144,60880
9861,56313,1165,62010,1125,55148,60885
9877,56355,1201,62058,1166,55154,60892
9894,56340,1198,62006,1159,55142,60847
9911,56272,1168,61958,1136,55104,60822
9927,56218,1188,61859,1151,55030,60708
9944,56142,1171,61788,1141,54971,60647
9961,56092,1175,61727,1137,54917,60590
9977,56088,1194,61710,1156,54894,60554
9994,56072,1183,61694,1155,54889,60539
10011,56089,1186,61715,1151,54903,60564
10027,56096,1175,61718,1142,54921,60576
10044,56112,1158,61755,1126,54954,60629
10061,56177,1189,61825,1158,54988,60667
10077,56197,1187,61843,1144,55010,60699
10094,56248,1200,61894,1167,55048,60727
10111,56261,1188,61931,1152,55073,60779
10128,56253,1164,61957,1136,55089,60821
10143,56296,1184,61965,1152,55112,60813
10160,56290,1169,61958,1134,55121,60824
10177,56322,1189,62004,1155,55133,60849
10193,56335,1197,62012,1165,55138,60847
10210,56309,1163,61981,1131,55146,60850
10227,56348,1181,62023,1149,55167,60874
10243,56366,1188,62030,1153,55178,60877
10260,56392,1199,62075,1157,55193,60918
10277,56394,1185,62072,1146,55209,60926
10293,56400,1172,62046,1129,55228,60917
10310,56436,1193,62114,1162,55243,60952
10327,56417,1160,62121,1133,55257,60988
10343,56457,1198,62144,1158,55259,60986
10360,56440,1181,62137,1141,55259,60996
10377,56447,1187,62146,1153,55260,60993
10393,56428,1182,62126,1152,55246,60974
10410,56378,1188,62073,1151,55190,60922
10427,56319,1190,61971,1151,55129,60820
10443,56273,1195,61926,1155,55078,60771
10460,56240,1193,61870,1148,55047,60722
10477,56235,1183,61867,1149,55052,60718
10493,56232,1184,61862,1153,55048,60709
10510,56236,1185,61859,1154,55051,60705
10527,56258,1186,61849,1154,55072,60695
10543,56273,1190,61860,1162,55083,60698
10560,56288,1181,61876,1147,55107,60729
10577,56320,1193,61910,1161,55127,60749
10593,56345,1197,61924,1157,55148,60767
10610,56357,1196,61956,1162,55161,60794
10627,56366,1178,61925,1146,55188,60779
10643,56378,1172,61997,1135,55206,60862
10660,56419,1202,62033,1161,55217,60872
10677,56430,1192,62056,1157,55238,60899
10693,56459,1200,62062,1166,55259,60896
10710,56478,1194,62108,1159,55284,60949
10727,56491,1189,62127,1149,55302,60978
10743,56506,1194,62143,1150,55312,60993
10760,56523,1192,62168,1156,55331,61012
10777,56505,1168,62175,1134,55337,61041
10793,56537,1183,62170,1157,55354,61013
10810,56546,1187,62176,1147,55359,61029
10827,56533,1178,62175,1133,55355,61042
10843,56538,1169,62179,1137,55369,61042
10860,56539,1171,62167,1137,55368,61030
10877,56522,1171,62177,1134,55351,61043
10893,56518,1191,62152,1150,55327,61002
10910,56474,1189,62069,1157,55285,60912
10927,56398,1179,61984,1141,55219,60843
10943,56362,1177,61943,1140,55185,60803
10960,56351,1176,61922,1139,55175,60783
10977,56367,1182,61940,1152,55185,60788
10993,56382,1195,61960,1155,55187,60805
11010,56404,1195,61952,1161,55209,60791
11027,56389,1164,61949,1131,55225,60818
11043,56429,1184,62037,1150,55245,60887
11060,56478,1201,62093,1161,55277,60932
11077,56503,1196,62120,1163,55307,60957
11093,56508,1183,62135,1143,55325,60992
11110,56537,1193,62155,1158,55344,60997
11127,56544,1193,62158,1159,55351,60999
11144,56558,1196,62209,1160,55362,61049
11159,56577,1198,62227,1164,55379,61063
11176,56581,1196,62234,1155,55385,61079
11193,56592,1201,62214,1158,55391,61056
11209,56600,1199,62248,1161,55401,61087
11226,56615,1193,62253,1159,55422,61094
11243,56614,1177,62265,1147,55437,61118
11259,56643,1186,62273,1154,55457,61119
11276,56666,1197,62382,1165,55469,61217
11293,56676,1190,62333,1153,55486,61180
11309,56666,1173,62374,1139,55493,61235
11326,56663,1159,62323,1124,55504,61199
11343,56671,1172,62355,1137,55499,61218
11359,56673,1183,62311,1147,55490,61164
11376,56655,1176,62274,1134,55479,61140
11393,56625,1203,62277,1169,55422,61108
11409,56549,1173,62130,1138,55376,60992
11426,56526,1190,62119,1160,55336,60959
11443,56497,1190,62092,1151,55307,60941
11459,56469,1171,62081,1130,55298,60951
11476,56512,1206,62088,1169,55306,60919
11493,56523,1192,62130,1158,55331,60972
11509,56553,1197,62148,1159,55356,60989
11526,56571,1178,62185,1145,55393,61040
11543,56621,1195,62274,1160,55426,61114
11559,56663,1194,62358,1158,55469,61200
11576,56688,1193,62416,1160,55495,61256
11593,56722,1204,62437,1165,55518,61272
11609,56734,1190,62465,1148,55544,61317
11626,56729,1166,62487,1129,55563,61358
11643,56783,1188,62525,1156,55595,61369
11659,56795,1182,62555,1146,55613,61409
11676,56799,1169,62628,1134,55630,61494
11693,56856,1199,62677,1161,55657,61516
11709,56855,1185,62677,1145,55670,61532
11726,56876,1184,62710,1141,55692,61569
11743,56887,1178,62755,1131,55709,61624
11759,56916,1196,62791,1157,55720,61634
11776,56927,1203,62759,1167,55724,61592
11793,56929,1196,62777,1163,55733,61614
11809,56947,1181,62846,1143,55766,61703
11826,56968,1186,62838,1148,55782,61690
11843,56943,1194,62783,1155,55749,61628
11859,56904,1196,62725,1155,55708,61570
11876,56865,1202,62657,1162,55663,61495
11893,56790,1191,62565,1161,55599,61404
11909,56715,1174,62494,1140,55541,61354
11926,56684,1154,62481,1122,55530,61359
11943,56685,1156,62497,1120,55529,61377
11959,56716,1168,62595,1131,55548,61464
11976,56774,1199,62634,1169,55575,61465
11993,56780,1179,62676,1144,55601,61532
12009,56826,1196,62652,1160,55630,61492
12026,56865,1191,62680,1155,55674,61525
12043,56879,1183,62727,1142,55696,61585
12059,56901,1190,62737,1149,55711,61588
12076,56927,1201,62772,1164,55726,61608
12093,56922,1185,62745,1147,55737,61598
12109,56950,1192,62800,1158,55758,61642
12126,56942,1181,62784,1138,55761,61646
12143,56974,1185,62811,1146,55789,61665
12160,56997,1196,62822,1160,55801,61662
12175,57014,1196,62888,1165,55818,61723
12192,57027,1196,62874,1162,55831,61712
12209,57018,1184,62861,1142,55834,61719
12225,57015,1154,62851,1129,55861,61722
12242,57055,1193,62914,1153,55862,61761
12259,57076,1194,62921,1157,55882,61764
12275,57095,1201,62933,1165,55894,61768
12292,57095,1196,62940,1163,55899,61777
12309,57097,1190,62892,1149,55907,61743
12325,57052,1176,62841,1130,55876,61711
12342,57031,1172,62748,1141,55859,61607
12359,56978,1183,62664,1141,55795,61523
12375,56902,1176,62519,1141,55726,61378
12392,56817,1166,62396,1130,55651,61266
12409,56765,1191,62322,1157,55574,61165
12425,56732,1188,62310,1159,55544,61151
12442,56739,1201,62308,1161,55538,61147
12459,56750,1197,62302,1167,55553,61135
12475,56762,1205,62353,1169,55557,61184
12492,56776,1188,62299,1160,55588,61139
12509,56824,1202,62380,1165,55622,61215
12525,56800,1171,62369,1127,55629,61242
12542,56840,1200,62338,1159,55640,61179
12559,56831,1188,62374,1149,55643,61225
12575,56851,1182,62416,1151,55669,61265
12592,56891,1197,62491,1156,55694,61335
12609,56902,1179,62499,1139,55723,61360
12625,56919,1183,62536,1145,55736,61391
12642,56937,1185,62522,1147,55752,61375
12659,56968,1202,62555,1166,55766,61389
12675,56983,1203,62552,1169,55780,61383
12692,56978,1168,62562,1139,55810,61423
12709,57039,1192,62660,1159,55847,61501
12725,57068,1194,62711,1164,55874,61547
12742,57082,1191,62726,1156,55891,61570
12759,57096,1177,62786,1135,55919,61651
12775,57142,1203,62815,1165,55939,61650
12792,57137,1187,62788,1158,55950,61630
12809,57158,1191,62803,1158,55967,61645
12825,57143,1189,62789,1158,55954,61631
12842,57109,1198,62741,1157,55911,61584
12859,57073,1185,62658,1158,55888,61500
12875,57022,1201,62559,1152,55821,61407
12892,56964,1204,62524,1168,55760,61356
12909,56925,1196,62474,1151,55729,61323
12925,56902,1191,62439,1162,55711,61277
12942,56909,1192,62478,1155,55717,61323
12959,56916,1188,62458,1145,55728,61313
12975,56947,1190,62567,1157,55757,61410
12992,56998,1193,62614,1165,55805,61449
13009,57017,1194,62622,1147,55823,61475
13025,57019,1172,62633,1143,55847,61490
13042,57054,1189,62656,1142,55865,61514
13059,57109,1199,62742,1166,55910,61576
13075,57143,1203,62764,1171,55940,61593
13092,57157,1191,62806,1155,55966,61651
13109,57166,1192,62818,1149,55974,61669
13126,57187,1195,62860,1160,55992,61700
13142,57182,1176,62837,1143,56006,61694
13159,57202,1182,62883,1153,56020,61730
13176,57229,1205,62904,1167,56024,61737
13191,57246,1207,62896,1166,56039,61730
13208,57221,1179,62888,1136,56042,61752
13225,57258,1195,62915,1156,56063,61759
13241,57254,1178,62904,1140,56076,61764
13258,57279,1191,62895,1140,56088,61755
13275,57303,1208,62928,1177,56095,61751
13291,57290,1190,62939,1157,56100,61782
13308,57273,1167,62952,1138,56106,61814
13325,57298,1190,62942,1152,56108,61790
13341,57309,1196,62931,1162,56113,61769
13358,57277,1205,62902,1169,56072,61733
13375,57231,1201,62797,1171,56030,61626
13391,57152,1195,62735,1155,55957,61580
13408,57082,1189,62669,1154,55893,61515
13425,57045,1185,62588,1143,55860,61445
13441,57040,1192,62592,1147,55848,61445
13458,57050,1190,62596,1155,55860,61441
13475,57055,1176,62628,1140,55879,61488
13491,57090,1190,62641,1168,55900,61473
13508,57107,1191,62696,1158,55916,61538
13525,57145,1189,62726,1152,55956,61574
13541,57183,1188,62763,1148,55995,61615
13558,57235,1202,62854,1158,56033,61696
13575,57252,1207,62909,1169,56045,61740
13591,57261,1201,62890,1164,56060,61726
13608,57264,1195,62896,1159,56069,61737
13625,57275,1191,62897,1158,56084,61739
13641,57257,1169,62885,1136,56088,61749
13658,57293,1208,62897,1164,56085,61733
13675,57298,1191,62901,1171,56107,61730
13691,57317,1206,62909,1169,56111,61740
13708,57311,1195,62899,1164,56116,61735
13725,57309,1184,62904,1157,56125,61747
13741,57321,1196,62900,1155,56125,61745
13758,57311,1191,62890,1151,56120,61739
13775,57325,1179,62895,1143,56146,61752
13791,57359,1205,62925,1173,56154,61752
13808,57351,1188,62918,1151,56163,61767
13825,57363,1190,62983,1154,56173,61829
13841,57338,1173,62903,1137,56165,61766
13858,57338,1204,62921,1166,56134,61755
13875,57293,1210,62866,1178,56083,61688
13891,57221,1207,62792,1175,56014,61617
13908,57161,1193,62741,1158,55968,61583
13925,57112,1177,62674,1135,55935,61539
13941,57125,1190,62675,1146,55935,61529
13958,57133,1206,62717,1172,55927,61545
13975,57142,1201,62702,1158,55941,61544
13991,57150,1193,62674,1151,55957,61523
14008,57180,1197,62746,1165,55983,61581
14025,57203,1193,62741,1154,56010,61587
14041,57226,1188,62774,1139,56038,61635
14058,57258,1213,62820,1172,56045,61648
14075,57283,1208,62831,1175,56075,61656
14091,57264,1179,62826,1150,56085,61676
14108,57284,1184,62830,1144,56100,61686
14125,57294,1180,62838,1144,56114,61694
14142,57327,1197,62902,1161,56130,61741
14158,57328,1190,62894,1143,56138,61751
14175,57372,1211,62960,1167,56161,61793
14192,57374,1189,62931,1149,56185,61782
14207,57398,1205,62974,1168,56193,61806
14224,57408,1201,62972,1163,56207,61809
14241,57389,1175,62992,1141,56214,61851
14257,57441,1213,63012,1172,56228,61840
14274,57418,1187,62993,1152,56231,61841
14291,57448,1199,63024,1160,56249,61864
14307,57460,1204,63037,1160,56256,61877
14324,57458,1196,63030,1158,56262,61872
14341,57424,1169,62982,1132,56255,61850
14357,57402,1175,62935,1146,56227,61789
14374,57366,1205,62886,1167,56161,61719
14391,57289,1204,62824,1167,56085,61657
14407,57221,1188,62716,1147,56033,61569
14424,57199,1193,62681,1156,56006,61525
14441,57193,1201,62684,1170,55992,61514
14457,57188,1193,62639,1161,55995,61478
14474,57206,1197,62647,1161,56009,61486
14491,57217,1202,62641,1161,56015,61480
14507,57216,1173,62637,1137,56043,61500
14524,57255,1205,62706,1167,56050,61539
14541,57257,1179,62716,1140,56078,61576
14557,57300,1207,62702,1168,56093,61534
14574,57326,1210,62760,1172,56116,61588
14591,57308,1185,62728,1139,56123,61589
14607,57331,1192,62771,1147,56139,61624
14624,57347,1203,62751,1164,56144,61587
14641,57350,1202,62778,1169,56148,61609
14657,57343,1193,62727,1157,56150,61570
14674,57344,1201,62705,1150,56143,61555
14691,57357,1187,62744,1162,56170,61582
14707,57379,1201,62775,1167,56178,61608
14724,57382,1207,62759,1171,56175,61588
14741,57394,1209,62765,1172,56185,61593
14757,57405,1207,62775,1170,56198,61605
14774,57421,1209,62790,1170,56212,61620
14791,57423,1204,62786,1162,56219,61624
14807,57405,1175,62794,1145,56230,61649
14824,57439,1201,62781,1164,56238,61617
14841,57440,1194,62831,1161,56246,61670
14857,57437,1211,62761,1174,56226,61587
14874,57388,1208,62787,1168,56180,61619
14891,57325,1205,62662,1168,56120,61494
14907,57278,1206,62595,1171,56072,61424
14924,57217,1178,62477,1143,56039,61334
14941,57222,1202,62512,1173,56020,61339
14957,57230,1215,62510,1175,56015,61335
14974,57238,1205,62496,1173,56033,61323
14991,57245,1200,62534,1161,56045,61373
15007,57241,1175,62542,1142,56066,61400
15024,57298,1199,62581,1162,56099,61419
15041,57317,1195,62599,1160,56122,61439
15057,57355,1206,62664,1175,56149,61489
15074,57389,1211,62702,1178,56178,61524
15091,57394,1208,62734,1170,56186,61564
15107,57424,1206,62781,1169,56218,61612
15124,57411,1174,62775,1146,56237,61629
15141,57451,1206,62746,1177,56245,61569
15158,57457,1209,62792,1171,56248,61621
15174,57467,1209,62762,1172,56258,61590
15191,57450,1200,62737,1162,56250,61575
15208,57452,1184,62756,1154,56268,61602
15223,57470,1201,62797,1163,56269,61634
15240,57468,1189,62743,1146,56279,61597
15257,57486,1202,62787,1158,56284,61629
15273,57502,1220,62824,1179,56282,61645
15290,57496,1203,62787,1164,56293,61623
15307,57502,1207,62793,1165,56295,61628
15323,57461,1175,62743,1149,56286,61594
15340,57453,1179,62686,1147,56274,61539
15357,57466,1218,62744,1174,56248,61570
15373,57419,1195,62683,1153,56224,61530
15390,57430,1213,62695,1170,56217,61525
15407,57372,1205,62618,1168,56167,61450
15423,57321,1187,62569,1152,56134,61417
15440,57324,1209,62528,1171,56115,61357
15457,57326,1217,62575,1180,56109,61395
15473,57335,1202,62565,1168,56133,61397
15490,57360,1208,62577,1167,56152,61410
15507,57379,1209,62620,1174,56170,61446
15523,57372,1188,62628,1153,56184,61475
15540,57401,1201,62671,1152,56200,61519
15557,57421,1182,62690,1151,56239,61539
15573,57459,1196,62746,1163,56263,61583
15590,57490,1205,62777,1173,56285,61604
15607,57459,1174,62739,1136,56285,61603
15623,57497,1208,62778,1166,56289,61612
15640,57483,1186,62755,1139,56297,61616
15657,57531,1215,62819,1176,56316,61643
15673,57518,1189,62819,1156,56329,61663
15690,57548,1199,62844,1163,56349,61681
15707,57562,1211,62886,1167,56351,61719
15723,57549,1176,62856,1132,56373,61724
15740,57595,1213,62916,1172,56382,61744
15757,57606,1197,62945,1158,56409,61787
15773,57626,1212,62957,1176,56414,61781
15790,57628,1201,62963,1164,56427,61799
15807,57636,1204,62966,1166,56432,61800
15823,57646,1200,62979,1156,56446,61823
15840,57624,1178,62954,1142,56446,61812
15857,57625,1192,62974,1154,56433,61820
15873,57597,1196,62904,1165,56401,61739
15890,57534,1192,62826,1164,56342,61662
15907,57493,1206,62749,1166,56287,61583
15923,57426,1188,62694,1145,56238,61549
15940,57390,1178,62662,1139,56212,61523
15957,57414,1197,62663,1165,56217,61498
15973,57440,1213,62697,1180,56227,61517
15990,57452,1202,62710,1169,56250,61541
16007,57470,1199,62712,1158,56271,61554
16023,57506,1209,62779,1170,56297,61609
16040,57515,1197,62830,1155,56318,61675
16057,57528,1180,62826,1142,56348,61684
16073,57553,1180,62858,1144,56373,61714
16090,57591,1194,62896,1160,56397,61736
16107,57610,1208,62912,1171,56402,61741
16123,57605,1190,62906,1150,56415,61756
16140,57615,1188,62917,1156,56427,61761
16157,57650,1216,62954,1178,56434,61776
16173,57659,1210,62974,1176,56449,61798
16190,57644,1179,62945,1146,56465,61799
16207,57676,1203,62986,1169,56473,61817
16224,57657,1179,62981,1141,56478,61840
16239,57703,1208,63019,1175,56495,61844
16256,57710,1207,63034,1170,56503,61864
16273,57734,1213,63055,1172,56521,61883
16289,57718,1186,63042,1153,56532,61889
16306,57746,1207,63072,1168,56539,61904
16323,57745,1206,63068,1168,56539,61900
16339,57754,1209,63063,1172,56545,61891
16356,57729,1190,63034,1159,56539,61875
16373,57684,1180,62966,1141,56504,61825
16389,57644,1201,62892,1164,56443,61728
16406,57588,1206,62838,1166,56382,61672
16423,57533,1193,62778,1155,56340,61623
16439,57526,1205,62725,1162,56321,61563
16456,57527,1208,62770,1178,56319,61592
16473,57503,1184,62762,1147,56319,61615
16489,57529,1194,62762,1160,56335,61602
16506,57556,1202,62803,1164,56354,61639
16523,57584,1202,62850,1166,56382,61684
16539,57591,1183,62863,1150,56408,61713
16556,57646,1212,62896,1179,56434,61717
16573,57639,1192,62896,1148,56447,61748
16589,57673,1214,62930,1169,56459,61761
16606,57675,1199,62917,1166,56476,61751
16623,57678,1191,62919,1149,56487,61770
16639,57701,1207,62952,1162,56494,61790
16656,57710,1210,62970,1166,56500,61804
16673,57707,1192,62968,1154,56515,61814
16689,57735,1211,63003,1176,56524,61827
16706,57732,1190,62994,1151,56542,61843
16723,57757,1208,63012,1173,56549,61839
16739,57762,1206,63028,1168,56556,61860
16756,57759,1201,63025,1160,56558,61865
16773,57777,1209,63069,1166,56568,61903
16789,57791,1211,63061,1174,56580,61887
16806,57785,1202,63052,1161,56583,61891
16823,57790,1203,63069,1168,56587,61901
16839,57786,1199,63053,1159,56587,61894
16856,57789,1202,63032,1165,56587,61867
16873,57765,1207,63017,1173,56558,61844
16889,57729,1209,62954,1173,56520,61781
16906,57670,1205,62880,1168,56465,61712
16923,57630,1199,62817,1163,56431,61654
16939,57614,1211,62776,1170,56403,61606
16956,57606,1222,62780,1182,56384,61598
16973,57616,1217,62776,1189,56399,61587
16989,57601,1195,62758,1162,56406,61596
17006,57630,1203,62765,1171,56427,61594
17023,57656,1215,62823,1173,56441,61650
17039,57673,1204,62860,1163,56469,61697
17056,57704,1214,62897,1175,56490,61722
17073,57695,1186,62908,1146,56509,61762
17089,57734,1208,62945,1176,56526,61769
17106,57719,1198,62910,1155,56521,61755
17123,57743,1205,62927,1167,56538,61760
17139,57757,1211,62938,1168,56546,61770
17156,57763,1201,62950,1166,56562,61784
17173,57777,1209,62972,1174,56568,61798
17189,57777,1198,62984,1169,56579,61815
17206,57806,1205,63017,1168,56601,61849
17223,57809,1199,63019,1163,56610,61856
17240,57827,1212,63056,1172,56615,61884
17255,57839,1212,63059,1176,56627,61883
17272,57846,1213,63062,1167,56633,61895
17289,57844,1211,63046,1168,56633,61878
17305,57836,1207,63040,1164,56629,61876
17322,57835,1202,63023,1165,56633,61858
17339,57847,1211,63031,1177,56636,61854
17355,57851,1221,63023,1186,56630,61837
17372,57829,1219,62988,1184,56610,61804
17389,57781,1198,62934,1161,56583,61773
17405,57742,1205,62899,1167,56537,61732
17422,57673,1177,62775,1141,56496,61634
17439,57681,1214,62741,1176,56467,61565
17455,57660,1199,62724,1161,56461,61563
17472,57671,1199,62744,1163,56472,61581
17489,57689,1209,62732,1171,56480,61561
17505,57699,1201,62748,1166,56498,61582
17522,57727,1216,62815,1169,56511,61646
17539,57734,1194,62790,1150,56540,61640
17555,57778,1214,62854,1180,56564,61674
17572,57763,1185,62843,1143,56578,61700
17589,57798,1208,62878,1175,56590,61703
17605,57785,1184,62877,1141,56601,61736
17622,57821,1203,62903,1170,56618,61733
17639,57811,1182,62916,1160,56629,61756
17655,57852,1221,62949,1182,56631,61767
17672,57829,1185,62936,1142,56644,61794
17689,57865,1208,62951,1165,56657,61786
17705,57881,1207,62988,1171,56674,61817
17722,57860,1184,62974,1139,56676,61835
17739,57899,1204,63017,1162,56695,61855
17755,57920,1213,63055,1171,56707,61884
17772,57939,1212,63085,1178,56727,61907
17789,57942,1208,63084,1169,56734,61915
17805,57935,1193,63073,1146,56742,61927
17822,57961,1209,63112,1174,56752,61938
17839,57959,1197,63116,1172,56762,61944
17855,57940,1199,63097,1167,56741,61930
17872,57920,1213,63060,1172,56707,61888
17889,57869,1203,62992,1167,56666,61825
17905,57830,1202,62970,1165,56628,61805
17922,57790,1194,62910,1159,56596,61751
17939,57810,1211,62915,1176,56599,61739
17955,57820,1215,62937,1183,56605,61754
17972,57844,1211,62958,1176,56633,61782
17989,57849,1211,62978,1172,56638,61806
18005,57871,1203,63004,1164,56668,61840
18022,57906,1207,63041,1169,56699,61872
18039,57925,1207,63063,1173,56718,61890
18055,57929,1193,63069,1156,56736,61913
18072,57925,1178,63069,1145,56747,61924
18089,57931,1181,63074,1147,56750,61927
18105,57933,1176,63060,1137,56757,61923
18122,57948,1176,63079,1150,56772,61929
18139,57981,1213,63109,1174,56768,61935
18155,57996,1214,63131,1179,56782,61952
18172,58018,1218,63133,1183,56800,61950
18189,58012,1214,63146,1170,56798,61976
18205,58019,1206,63144,1174,56813,61970
18222,58023,1197,63165,1165,56826,62000
18239,58048,1211,63191,1171,56837,62020
18256,58070,1215,63219,1176,56855,62043
18271,58063,1197,63216,1167,56866,62049
18288,58059,1186,63217,1152,56873,62065
18305,58092,1207,63251,1172,56885,62079
18321,58082,1201,63239,1170,56881,62069
18338,58054,1186,63203,1153,56868,62050
18355,58046,1220,63179,1180,56826,61999
18371,57965,1193,63055,1141,56772,61914
18388,57912,1210,63019,1173,56702,61846
18405,57860,1188,62975,1151,56672,61824
18421,57866,1208,62937,1173,56658,61764
18438,57840,1186,62938,1141,56654,61797
18455,57884,1214,62991,1177,56670,61814
18471,57897,1204,62996,1167,56693,61829
18488,57912,1189,63009,1157,56723,61852
18505,57937,1211,63058,1171,56726,61887
18521,57962,1208,63086,1169,56754,61917
18538,57990,1217,63122,1172,56773,61950
18555,58021,1219,63146,1179,56802,61967
18571,58033,1213,63185,1181,56820,62004
18588,58036,1205,63172,1170,56831,62002
18605,58044,1206,63186,1171,56838,62015
18621,58061,1204,63189,1172,56857,62017
18638,58071,1211,63209,1168,56860,62041
18655,58067,1194,63211,1157,56873,62054
18671,58105,1215,63257,1178,56890,62079
18688,58112,1205,63264,1173,56907,62091
18705,58124,1212,63278,1175,56912,62103
18721,58130,1203,63283,1161,56927,62122
18738,58137,1205,63303,1161,56932,62142
18755,58165,1223,63336,1188,56942,62148
18771,58167,1211,63334,1169,56956,62165
18788,58152,1181,63313,1152,56971,62161
18805,58164,1203,63320,1170,56961,62150
18821,58169,1206,63297,1166,56963,62131
18838,58119,1192,63240,1159,56927,62081
18855,58069,1203,63184,1164,56866,62020
18871,58011,1210,63107,1176,56801,61931
18888,57957,1206,63037,1173,56751,61864
18905,57903,1192,62965,1151,56711,61814
18921,57912,1206,62988,1173,56706,61815
18938,57922,1219,62963,1183,56703,61780
18955,57926,1206,62995,1167,56720,61828
18971,57963,1219,62996,1187,56744,61809
18988,57950,1178,62993,1143,56772,61850
19005,57991,1204,63040,1167,56787,61873
19021,58018,1209,63069,1171,56809,61898
19038,58038,1215,63088,1177,56823,61911
19055,58025,1190,63088,1153,56835,61935
19071,58060,1213,63124,1179,56847,61945
19088,58072,1208,63119,1173,56864,61946
19105,58064,1202,63125,1165,56862,61960
19121,58072,1202,63126,1159,56870,61967
19138,58066,1182,63123,1157,56884,61966
19155,58096,1211,63149,1171,56885,61978
19171,58110,1221,63154,1180,56889,61974
19188,58078,1191,63123,1154,56887,61969
19205,58073,1180,63056,1138,56893,61918
19221,58064,1179,63047,1141,56885,61906
19238,58081,1195,63054,1162,56886,61892
19255,58097,1211,63073,1169,56886,61904
19272,58106,1199,63083,1162,56907,61921
19287,58124,1209,63112,1171,56915,61941
19304,58130,1205,63154,1165,56925,61989
19321,58105,1189,63114,1152,56916,61962
19337,58114,1215,63109,1179,56899,61930
19354,58036,1183,63008,1147,56853,61861
19371,58008,1214,62977,1171,56794,61806
19387,57950,1190,62909,1156,56760,61753
19404,57945,1208,62936,1174,56737,61762
19421,57926,1183,62843,1154,56743,61689
19437,57965,1213,62910,1177,56752,61733
19454,57975,1213,62915,1180,56762,61735
19471,57967,1197,62912,1156,56770,61756
19487,57999,1206,62946,1170,56793,61776
19504,58009,1181,62959,1153,56828,61806
19521,58052,1202,63007,1169,56850,61838
19537,58061,1206,63031,1166,56855,61865
19554,58090,1217,63059,1183,56873,61876
19571,58089,1213,63055,1179,56876,61876
19587,58088,1206,63047,1174,56882,61873
19604,58066,1181,62986,1140,56885,61846
19621,58099,1203,63054,1162,56896,61892
19637,58104,1201,63039,1145,56903,61894
19654,58135,1219,63070,1183,56916,61887
19671,58128,1205,63070,1164,56923,61906
19687,58120,1192,63073,1158,56928,61915
19704,58128,1189,63079,1151,56939,61928
19721,58160,1203,63124,1170,56957,61954
19737,58187,1211,63154,1172,56976,61982
19754,58200,1211,63177,1180,56989,61997
19771,58203,1209,63172,1176,56994,61996
19787,58194,1200,63151,1161,56994,61990
19804,58194,1203,63155,1168,56991,61987
19821,58183,1213,63119,1180,56970,61939
19837,58123,1181,63040,1147,56942,61893
19854,58098,1211,63010,1177,56887,61833
19871,58018,1189,62911,1151,56829,61760
19887,58005,1213,62889,1177,56792,61712
19904,57972,1181,62836,1142,56791,61694
19921,57999,1212,62875,1173,56787,61702
19937,58017,1213,62885,1179,56804,61706
19954,58032,1206,62905,1174,56826,61731
19971,58049,1206,62938,1169,56843,61769
19987,58076,1207,62980,1174,56869,61806
20004,58089,1199,62972,1160,56890,61812
20021,58102,1196,63004,1163,56906,61841
20037,58138,1219,63034,1178,56919,61856
20054,58156,1224,63056,1185,56932,61871
20071,58137,1187,63041,1155,56950,61886
20087,58170,1213,63084,1173,56957,61911
20104,58185,1201,63103,1169,56984,61934
20121,58207,1218,63130,1183,56989,61947
20137,58221,1214,63151,1179,57007,61972
20154,58215,1192,63161,1154,57023,62007
20171,58251,1214,63197,1171,57037,62026
20187,58256,1203,63214,1172,57053,62042
20204,58258,1194,63212,1148,57064,62064
20221,58301,1212,63273,1179,57089,62094
20237,58326,1217,63301,1180,57109,62121
20254,58335,1217,63313,1168,57118,62145
20271,58320,1186,63300,1148,57134,62152
20288,58347,1207,63319,1178,57140,62141
20303,58322,1206,63284,1167,57116,62117
20320,58249,1182,63209,1146,57067,62063
20337,58223,1221,63165,1180,57002,61985
20353,58138,1200,63056,1169,56938,61887
20370,58085,1203,63000,1162,56882,61838
20387,58077,1215,62979,1174,56862,61805
20403,58060,1199,62951,1160,56861,61791
20420,58055,1187,62981,1148,56868,61833
20437,58092,1197,63000,1163,56895,61837
20453,58127,1216,63047,1182,56911,61865
20470,58155,1207,63064,1173,56948,61891
20487,58171,1210,63093,1173,56961,61920
20503,58191,1194,63127,1152,56997,61975
20520,58231,1214,63161,1171,57017,61990
20537,58233,1200,63173,1158,57033,62015
20553,58256,1207,63196,1176,57049,62020
20570,58261,1210,63203,1177,57051,62026
20587,58278,1209,63205,1170,57069,62035
20603,58287,1210,63205,1171,57077,62034
20620,58290,1209,63228,1173,57081,62055
20637,58307,1212,63252,1177,57095,62075
20653,58319,1214,63247,1176,57105,62071
20670,58324,1200,63254,1166,57124,62088
20687,58334,1215,63266,1173,57119,62093
20703,58317,1181,63240,1142,57136,62098
20720,58355,1212,63281,1177,57143,62104
20737,58352,1193,63272,1166,57159,62106
20753,58367,1207,63290,1169,57160,62121
20770,58387,1209,63308,1173,57178,62135
20787,58373,1194,63279,1162,57179,62117
20803,58363,1202,63261,1162,57161,62099
20820,58287,1184,63170,1147,57103,62023
20837,58244,1219,63107,1178,57025,61929
20853,58167,1214,62998,1179,56953,61819
20870,58082,1191,62911,1150,56891,61761
20887,58068,1204,62916,1160,56864,61756
20903,58072,1204,62910,1167,56868,61743
20920,58063,1190,62878,1159,56873,61719
20937,58105,1219,62929,1180,56886,61749
20953,58119,1206,62951,1176,56913,61775
20970,58151,1215,62979,1177,56936,61802
20987,58144,1177,62970,1150,56967,61820
21003,58199,1211,63034,1170,56988,61864
21020,58196,1188,63025,1140,57008,61885
21037,58240,1211,63093,1175,57029,61918
21053,58233,1198,63077,1164,57035,61913
21070,58255,1204,63088,1168,57051,61920
21087,58266,1207,63104,1171,57059,61933
21103,58266,1193,63095,1162,57073,61933
21120,58289,1206,63109,1174,57083,61935
21137,58296,1208,63124,1170,57088,61954
21153,58291,1193,63146,1150,57098,61996
21170,58317,1211,63136,1172,57106,61964
21187,58322,1200,63151,1152,57122,61999
21203,58311,1179,63144,1144,57132,62000
21220,58351,1192,63183,1163,57159,62020
21237,58378,1208,63205,1182,57170,62023
21253,58387,1219,63213,1182,57168,62031
21270,58383,1203,63194,1156,57180,62038
21287,58390,1207,63202,1175,57183,62027
21304,58367,1187,63153,1144,57180,62009
21319,58357,1205,63143,1166,57152,61977
21336,58303,1201,63070,1164,57102,61906
21353,58218,1202,62986,1158,57016,61828
21369,58143,1184,62851,1144,56959,61707
21386,58105,1209,62807,1170,56896,61637
21403,58086,1213,62770,1171,56873,61599
21419,58080,1211,62738,1176,56869,61562
21436,58072,1211,62740,1172,56861,61568
21453,58092,1206,62747,1165,56886,61582
21469,58113,1212,62792,1174,56901,61618
21486,58123,1204,62772,1166,56919,61606
21503,58122,1179,62771,1145,56943,61626
21519,58166,1221,62813,1177,56945,61636
21536,58165,1213,62786,1178,56952,61608
21553,58162,1217,62789,1175,56945,61614
21569,58159,1205,62765,1171,56954,61594
21586,58175,1192,62787,1162,56983,61625
21603,58175,1194,62792,1152,56981,61640
21619,58178,1188,62769,1152,56990,61617
21636,58219,1225,62863,1184,56994,61679
21653,58234,1221,62844,1184,57013,61660
21669,58232,1203,62862,1168,57029,61694
21686,58245,1209,62916,1172,57036,61744
21703,58261,1212,62874,1179,57049,61695
21719,58283,1219,62897,1181,57064,61716
21736,58295,1221,62950,1182,57074,61768
21753,58296,1205,62922,1170,57091,61752
21769,58299,1210,62935,1176,57089,61759
21786,58279,1185,62914,1143,57094,61771
21803,58312,1203,62948,1176,57109,61772
21819,58325,1221,62966,1183,57104,61783
21836,58273,1192,62905,1158,57081,61747
21853,58258,1219,62882,1183,57039,61699
21869,58187,1203,62829,1168,56984,61661
21886,58127,1179,62730,1142,56948,61588
21903,58144,1206,62724,1173,56938,61551
21919,58146,1224,62737,1181,56922,61556
21936,58157,1222,62764,1188,56935,61576
21953,58148,1201,62746,1153,56947,61593
21969,58187,1217,62785,1178,56970,61607
21986,58206,1212,62805,1169,56994,61636
22003,58227,1205,62838,1174,57022,61664
22019,58249,1205,62866,1167,57044,61699
22036,58265,1201,62887,1159,57064,61728
22053,58276,1190,62902,1148,57086,61754
22069,58311,1208,62942,1170,57103,61772
22086,58318,1212,62978,1171,57106,61807
22103,58322,1194,62973,1155,57128,61818
22119,58348,1209,63002,1171,57139,61831
22136,58379,1221,63056,1181,57158,61875
22153,58393,1221,63074,1180,57172,61894
22169,58408,1201,63088,1155,57207,61933
22186,58420,1203,63124,1160,57217,61964
22203,58445,1206,63169,1163,57239,62006
22219,58469,1217,63184,1178,57252,62006
22236,58486,1210,63237,1181,57276,62056
22253,58484,1186,63212,1153,57298,62059
22269,58503,1215,63219,1182,57288,62037
22286,58472,1179,63187,1142,57293,62045
22303,58511,1210,63199,1174,57301,62025
22320,58485,1207,63183,1172,57278,62011
22335,58430,1191,63102,1158,57239,61944
22352,58393,1215,63046,1176,57178,61870
22369,58312,1200,62955,1162,57112,61793
22385,58276,1208,62905,1168,57068,61737
22402,58247,1195,62870,1158,57052,61712
22419,58242,1196,62876,1169,57046,61707
22435,58274,1223,62887,1177,57051,61710
22452,58266,1189,62881,1160,57077,61721
22469,58302,1202,62928,1168,57100,61760
22485,58337,1211,62976,1174,57126,61802
22502,58350,1191,62986,1149,57159,61837
22519,58403,1216,63062,1182,57187,61880
22535,58402,1194,63078,1159,57208,61919
22552,58444,1217,63110,1179,57227,61931
22569,58440,1203,63120,1158,57237,61962
22585,58458,1209,63133,1175,57249,61958
22602,58453,1190,63120,1155,57263,61965
22619,58477,1220,63140,1178,57257,61962
22635,58494,1221,63161,1175,57273,61986
22652,58485,1203,63153,1166,57282,61987
22669,58511,1215,63177,1172,57296,62005
22685,58498,1184,63141,1142,57314,61999
22702,58528,1210,63182,1174,57318,62008
22719,58515,1187,63175,1149,57328,62026
22735,58552,1217,63225,1168,57335,62057
22752,58568,1221,63235,1175,57347,62060
22769,58550,1193,63222,1149,57357,62073
22785,58580,1211,63238,1172,57369,62066
22802,58584,1217,63254,1180,57367,62074
22819,58574,1211,63227,1177,57363,62050
22835,58546,1219,63176,1185,57327,61991
22852,58477,1220,63090,1180,57257,61910
22869,58399,1217,62984,1176,57182,61808
22885,58334,1210,62899,1173,57124,61726
22902,58308,1209,62907,1170,57099,61737
22919,58299,1208,62870,1163,57091,61707
22935,58318,1218,62917,1177,57100,61740
22952,58340,1221,62920,1184,57119,61736
22969,58341,1205,62931,1158,57136,61773
22985,58348,1180,62925,1142,57168,61783
23002,58396,1211,62979,1173,57185,61806
23019,58434,1215,63026,1182,57219,61844
23035,58449,1210,63031,1176,57239,61855
23052,58461,1207,63055,1169,57254,61886
23069,58473,1217,63079,1181,57256,61898
23085,58479,1206,63062,1169,57273,61893
23102,58477,1198,63066,1158,57279,61908
23119,58517,1223,63109,1183,57294,61926
23135,58517,1219,63118,1178,57298,61940
23152,58503,1194,63087,1151,57309,61936
23169,58534,1219,63139,1173,57315,61966
23185,58541,1198,63129,1158,57343,61971
23202,58549,1209,63138,1169,57340,61969
23219,58569,1208,63159,1178,57361,61981
23235,58571,1210,63157,1168,57361,61989
23252,58589,1215,63179,1180,57374,61999
23269,58592,1213,63184,1174,57379,62010
23285,58591,1208,63175,1170,57383,62005
23302,58591,1204,63161,1163,57387,61998
23319,58604,1218,63160,1185,57386,61975
23336,58589,1222,63141,1184,57367,61957
23351,58524,1194,63037,1154,57330,61883
23368,58480,1215,62969,1177,57265,61792
23385,58394,1186,62869,1146,57208,61723
23401,58361,1204,62813,1164,57157,61649
23418,58346,1215,62836,1177,57131,61659
23435,58346,1217,62781,1179,57129,61602
23451,58331,1207,62764,1174,57124,61590
23468,58336,1196,62774,1163,57140,61611
23485,58366,1215,62793,1172,57151,61621
23501,58394,1222,62816,1177,57172,61639
23518,58413,1221,62845,1183,57192,61662
23535,58429,1218,62863,1180,57211,61683
23551,58417,1187,62852,1152,57230,61700
23568,58425,1188,62859,1152,57237,61707
23585,58466,1210,62886,1173,57256,61713
23601,58440,1189,62874,1150,57251,61724
23618,58477,1206,62900,1174,57271,61726
23635,58504,1230,62934,1186,57274,61748
23651,58505,1219,62933,1181,57286,61752
23668,58474,1185,62901,1140,57289,61761
23685,58491,1196,62914,1161,57295,61753
23701,58527,1219,62936,1170,57308,61766
23718,58540,1226,62945,1188,57314,61757
23735,58550,1223,62950,1183,57327,61767
23751,58543,1211,62952,1174,57332,61778
23768,58537,1203,62931,1165,57334,61766
23785,58533,1190,62906,1165,57343,61741
23801,58545,1211,62953,1169,57334,61784
23818,58560,1221,62930,1190,57339,61740
23835,58548,1218,62916,1177,57330,61739
23851,58542,1217,62908,1183,57325,61725
23868,58491,1205,62872,1170,57286,61702
23885,58445,1195,62758,1157,57250,61601
23901,58423,1215,62765,1176,57208,61589
23918,58386,1203,62738,1164,57183,61574
23935,58412,1225,62763,1186,57187,61577
23951,58393,1210,62738,1183,57183,61555
23968,58408,1216,62730,1167,57192,61563
23985,58415,1201,62740,1168,57214,61572
24001,58442,1212,62760,1172,57230,61588
24018,58447,1193,62807,1162,57254,61645
24035,58480,1199,62817,1175,57281,61642
24051,58477,1196,62829,1159,57281,61670
24068,58505,1197,62836,1156,57308,61680
24085,58512,1193,62868,1156,57319,61712
24101,58550,1220,62879,1183,57330,61696
24118,58526,1188,62912,1158,57338,61754
24135,58570,1224,62929,1192,57346,61737
24151,58559,1197,62913,1167,57362,61746
24168,58554,1194,62877,1150,57360,61727
24185,58562,1187,62914,1150,57375,61764
24201,58606,1208,62990,1164,57398,61826
24218,58623,1217,62993,1175,57406,61818
24235,58621,1197,63002,1153,57424,61849
24251,58654,1213,63039,1170,57441,61869
24268,58662,1215,63052,1175,57447,61877
24285,58658,1191,63052,1157,57467,61895
24301,58689,1222,63086,1176,57467,61910
24318,58704,1218,63119,1187,57486,61932
24335,58699,1217,63096,1182,57482,61914
24352,58688,1213,63082,1175,57475,61907
24367,58656,1212,63022,1171,57444,61851
24384,58583,1200,62928,1158,57383,61770
24401,58536,1190,62872,1167,57346,61705
24417,58526,1220,62857,1175,57306,61682
24434,58507,1212,62836,1179,57295,61657
24451,58469,1185,62801,1143,57284,61658
24467,58499,1206,62829,1161,57293,61668
24484,58520,1208,62816,1170,57312,61646
24501,58536,1211,62881,1176,57325,61705
24517,58554,1204,62896,1166,57350,61730
24534,58600,1224,62948,1185,57376,61763
24551,58606,1212,62929,1167,57394,61762
24567,58609,1193,62967,1147,57416,61820
24584,58629,1195,62988,1168,57434,61820
24601,58661,1214,63022,1175,57447,61847
24617,58661,1202,63040,1172,57459,61868
24634,58677,1217,63047,1177,57460,61870
24651,58674,1201,63031,1166,57473,61865
24667,58692,1212,63054,1172,57480,61882
24684,58680,1188,63034,1150,57492,61884
24701,58713,1210,63085,1174,57503,61911
24717,58735,1218,63111,1183,57517,61928
24734,58710,1192,63082,1153,57518,61929
24751,58745,1210,63115,1169,57535,61946
24767,58737,1185,63106,1145,57552,61961
24784,58761,1208,63141,1170,57553,61971
24801,58772,1211,63143,1174,57561,61969
24817,58763,1199,63124,1158,57564,61966
24834,58765,1186,63137,1162,57579,61975
24851,58784,1216,63141,1175,57568,61966
24867,58742,1206,63088,1171,57536,61917
24884,58673,1200,62996,1157,57473,61839
24901,58626,1216,62955,1178,57410,61777
24917,58579,1217,62862,1179,57362,61683
24934,58536,1205,62823,1166,57331,61657
24951,58535,1216,62822,1175,57319,61647
24967,58506,1180,62792,1140,57326,61652
24984,58535,1190,62826,1157,57345,61669
25001,58581,1216,62867,1176,57365,61691
25017,58592,1199,62887,1160,57393,61727
25034,58630,1215,62931,1171,57415,61760
25051,58621,1188,62927,1154,57433,61773
25067,58659,1206,62955,1172,57453,61783
25084,58658,1195,62942,1157,57463,61785
25101,58662,1191,62974,1164,57471,61810
25117,58702,1225,62986,1184,57477,61802
25134,58684,1199,62967,1161,57485,61806
25151,58693,1197,62959,1156,57496,61803
25167,58696,1197,62953,1160,57499,61793
25184,58707,1213,62978,1169,57494,61809
25201,58715,1199,62984,1160,57516,61824
25217,58734,1217,62992,1179,57517,61813
25234,58737,1204,63002,1172,57533,61830
25251,58752,1206,63022,1170,57546,61852
25267,58771,1206,63025,1179,57565,61846
25284,58754,1191,63019,1157,57563,61862
25301,58795,1220,63061,1182,57575,61879
25317,58788,1197,63051,1161,57591,61890
25334,58814,1226,63076,1184,57588,61892
25351,58786,1189,63042,1150,57597,61892
25368,58766,1213,63015,1173,57553,61842
25383,58719,1209,62952,1173,57510,61779
25400,58651,1214,62880,1171,57437,61709
25417,58583,1201,62778,1162,57382,61616
25433,58567,1219,62726,1178,57348,61548
25450,58543,1214,62712,1174,57329,61538
25467,58551,1210,62724,1167,57341,61557
25483,58550,1209,62742,1159,57341,61583
25500,58563,1194,62746,1159,57369,61587
25517,58597,1216,62763,1178,57381,61585
25533,58617,1216,62756,1182,57401,61574
25550,58603,1183,62766,1149,57420,61617
25567,58635,1206,62806,1165,57429,61641
25583,58662,1213,62830,1176,57449,61654
25600,58684,1215,62821,1180,57469,61641
25617,58682,1203,62846,1165,57479,61681
25633,58707,1223,62870,1184,57484,61686
25650,58707,1209,62851,1163,57498,61688
25667,58709,1210,62841,1169,57499,61672
25683,58702,1185,62861,1148,57517,61713
25700,58740,1216,62899,1178,57524,61721
25717,58746,1218,62900,1181,57528,61719
25733,58745,1210,62913,1173,57535,61740
25750,58746,1185,62893,1154,57561,61739
25767,58771,1212,62922,1171,57559,61751
25783,58779,1208,62927,1170,57571,61757
25800,58768,1191,62912,1147,57577,61765
25817,58805,1218,62944,1184,57587,61760
25833,58805,1211,62952,1176,57594,61776
25850,58792,1194,62891,1152,57598,61739
25867,58791,1204,62952,1158,57587,61794
25883,58782,1218,62888,1178,57564,61710
25900,58722,1207,62820,1167,57515,61653
25917,58685,1216,62751,1185,57469,61566
25933,58623,1196,62676,1155,57427,61521
25950,58614,1221,62667,1182,57393,61485
25967,58560,1183,62631,1143,57377,61488
25983,58587,1200,62633,1165,57387,61468
26000,58617,1224,62663,1183,57393,61480
26017,58606,1191,62619,1154,57415,61465
26033,58658,1230,62645,1188,57428,61457
26050,58666,1219,62686,1174,57447,61512
26067,58682,1207,62742,1171,57475,61571
26083,58668,1190,62701,1158,57478,61543
26100,58695,1194,62746,1157,57501,61589
26117,58747,1227,62804,1189,57520,61615
26133,58740,1218,62802,1179,57522,61623
26150,58746,1215,62808,1172,57531,61636
26167,58757,1213,62793,1171,57544,61622
26183,58769,1215,62863,1177,57554,61686
26200,58772,1203,62811,1165,57569,61646
26217,58804,1225,62895,1186,57579,61709
26233,58805,1213,62881,1179,57592,61702
26250,58806,1202,62881,1171,57604,61710
26267,58820,1211,62897,1181,57609,61716
26283,58799,1191,62870,1152,57608,61718
26300,58836,1217,62910,1180,57619,61730
26317,58820,1199,62863,1160,57621,61703
26333,58832,1216,62901,1169,57616,61732
26350,58851,1222,62917,1179,57629,61738
26367,58829,1193,62897,1151,57636,61746
26384,58852,1220,62911,1176,57632,61735
26399,58836,1212,62897,1173,57624,61724
26416,58815,1220,62879,1187,57595,61692
26433,58775,1214,62822,1171,57561,61651
26449,58722,1187,62774,1154,57535,61620
26466,58712,1203,62785,1162,57509,61623
26483,58716,1216,62754,1179,57500,61575
26499,58713,1199,62731,1166,57514,61565
26516,58748,1226,62769,1189,57522,61580
26533,58744,1215,62775,1175,57529,61600
26549,58759,1208,62768,1176,57551,61592
26566,58781,1211,62798,1171,57570,61627
26583,58774,1182,62808,1148,57592,61660
26599,58824,1220,62869,1169,57604,61700
26616,58830,1221,62883,1175,57609,61708
26633,58843,1217,62885,1181,57626,61704
26649,58814,1182,62839,1146,57632,61693
26666,58843,1211,62881,1167,57632,61714
26683,58851,1199,62878,1164,57652,61714
26699,58870,1214,62905,1164,57656,61741
26716,58884,1219,62946,1188,57665,61758
26733,58879,1212,62933,1169,57667,61764
26749,58872,1196,62914,1165,57676,61749
26766,58880,1195,62917,1150,57685,61767
26783,58893,1199,62948,1151,57694,61797
26799,58927,1221,62977,1180,57706,61797
26816,58932,1208,62994,1182,57724,61812
26833,58943,1219,62985,1184,57724,61801
26849,58929,1211,62951,1176,57718,61775
26866,58911,1188,62961,1148,57723,61813
26883,58939,1212,62982,1176,57727,61806
26899,58935,1219,62963,1177,57716,61786
26916,58876,1199,62907,1164,57677,61743
26933,58853,1215,62860,1177,57638,61683
26949,58815,1209,62829,1178,57606,61651
26966,58773,1199,62779,1156,57574,61623
26983,58787,1208,62787,1167,57579,61620
26999,58787,1207,62757,1170,57580,61587
27016,58806,1213,62786,1178,57593,61608
27033,58819,1208,62822,1177,57611,61645
27049,58841,1202,62823,1172,57639,61651
27066,58847,1207,62844,1167,57640,61677
27083,58889,1212,62904,1172,57677,61732
27099,58894,1213,62914,1171,57681,61743
27116,58923,1215,62978,1173,57708,61805
27133,58937,1212,62970,1175,57725,61795
27149,58949,1211,62980,1174,57738,61806
27166,58952,1210,62964,1174,57742,61790
27183,58971,1217,63021,1174,57754,61847
27199,58981,1213,63042,1173,57768,61869
27216,58986,1205,63043,1170,57781,61873
27233,59009,1219,63074,1183,57790,61891
27249,58997,1184,63056,1152,57813,61904
27266,59027,1215,63102,1169,57812,61933
27283,59025,1199,63109,1162,57826,61947
27299,59057,1219,63146,1180,57838,61966
27316,59076,1219,63153,1183,57857,61970
27333,59083,1217,63171,1183,57866,61988
27349,59083,1207,63171,1175,57876,61996
27366,59073,1203,63155,1164,57870,61991
27383,59066,1203,63155,1164,57863,61991
27400,59056,1198,63126,1165,57858,61961
27415,59023,1197,63073,1151,57826,61922
27432,58980,1215,63027,1178,57765,61849
27449,58930,1214,62970,1175,57716,61795
27465,58894,1198,62939,1162,57696,61777
27482,58866,1182,62973,1147,57684,61826
27499,58912,1218,62968,1187,57694,61781
27515,58909,1218,62967,1188,57691,61779
27532,58904,1189,63002,1147,57715,61855
27549,58943,1208,62991,1174,57735,61817
27565,58952,1200,63016,1164,57752,61852
27582,58952,1177,63023,1148,57775,61875
27599,59011,1217,63070,1177,57794,61893
27615,59031,1217,63084,1184,57814,61900
27632,59025,1204,63092,1165,57821,61927
27649,59036,1197,63105,1164,57839,61941
27665,59034,1194,63108,1153,57840,61955
27682,59045,1182,63120,1157,57863,61963
27699,59074,1212,63119,1177,57862,61942
27715,59077,1207,63121,1157,57870,61964
27732,59076,1206,63120,1172,57870,61948
27749,59063,1194,63093,1164,57869,61929
27765,59080,1207,63114,1170,57873,61944
27782,59062,1190,63089,1152,57872,61937
27799,59098,1216,63118,1175,57882,61943
27815,59075,1186,63095,1154,57889,61941
27832,59112,1216,63122,1173,57896,61949
27849,59089,1184,63093,1154,57905,61939
27865,59106,1194,63111,1148,57912,61963
27882,59123,1217,63131,1177,57906,61954
27899,59113,1219,63087,1178,57894,61909
27915,59078,1221,63043,1186,57857,61857
27932,58983,1196,62944,1153,57787,61791
27949,58946,1215,62869,1181,57731,61688
27965,58866,1183,62778,1135,57683,61643
27982,58875,1215,62776,1174,57660,61602
27999,58860,1213,62777,1180,57647,61597
28015,58881,1213,62785,1189,57668,61596
28032,58854,1191,62782,1144,57663,61638
28049,58885,1206,62792,1164,57679,61628
28065,58909,1207,62814,1176,57702,61638
28082,58927,1208,62832,1170,57719,61662
28099,58945,1211,62857,1174,57734,61683
28115,58965,1205,62875,1171,57760,61704
28132,58963,1190,62885,1161,57773,61724
28149,58984,1203,62891,1154,57781,61737
28165,58981,1205,62910,1156,57776,61754
28182,59013,1214,62927,1178,57799,61749
28199,59010,1213,62965,1179,57797,61786
28215,59039,1219,62972,1181,57820,61791
28232,59036,1211,62937,1168,57825,61769
28249,59036,1202,62948,1165,57834,61783
28265,59052,1207,62964,1170,57845,61794
28282,59073,1215,62981,1178,57858,61803
28299,59073,1208,62954,1173,57865,61781
28315,59101,1231,63022,1188,57870,61834
28332,59105,1222,63003,1185,57883,61818
28349,59089,1201,63032,1168,57888,61864
28365,59097,1197,63001,1158,57900,61843
28382,59114,1209,63019,1166,57905,61853
28399,59123,1223,63025,1181,57900,61844
28416,59083,1203,62968,1169,57880,61799
28431,59029,1198,62916,1156,57831,61760
28448,58974,1215,62828,1172,57759,61656
28465,58914,1217,62756,1176,57697,61580
28481,58871,1208,62696,1174,57663,61522
28498,58852,1206,62686,1161,57646,61525
28515,58871,1222,62706,1181,57649,61525
28531,58880,1217,62669,1185,57663,61484
28548,58873,1204,62695,1161,57669,61534
28565,58896,1209,62698,1170,57687,61528
28581,58913,1205,62763,1167,57708,61596
28598,58935,1202,62751,1173,57733,61578
28615,58958,1212,62765,1179,57746,61586
28631,58977,1218,62775,1172,57759,61603
28648,58980,1213,62797,1173,57767,61624
28665,58988,1212,62794,1177,57776,61617
28681,58992,1214,62804,1178,57778,61626
28698,59009,1222,62806,1178,57787,61628
28715,59025,1233,62812,1187,57792,61625
28731,59023,1219,62819,1183,57804,61636
28748,59025,1215,62810,1172,57810,61638
28765,59023,1212,62797,1181,57811,61616
28781,59038,1218,62800,1177,57820,61623
28798,59045,1221,62806,1185,57824,61621
28815,59059,1229,62803,1192,57830,61611
28831,59049,1224,62786,1172,57825,61614
28848,59030,1196,62819,1163,57834,61656
28865,59029,1181,62749,1148,57848,61601
28881,59063,1221,62831,1180,57842,61651
28898,59083,1223,62823,1191,57860,61632
28915,59080,1228,62810,1185,57852,61625
28931,59042,1196,62786,1167,57846,61619
28948,59017,1216,62744,1169,57801,61575
28965,58969,1220,62642,1182,57749,61460
28981,58917,1221,62580,1176,57696,61404
28998,58865,1198,62557,1173,57667,61384
29015,58870,1215,62530,1168,57655,61362
29031,58871,1224,62577,1186,57647,61391
29048,58871,1210,62539,1166,57661,61373
29065,58882,1204,62533,1155,57678,61378
29081,58883,1201,62572,1152,57682,61420
29098,58925,1207,62610,1164,57718,61446
29115,58952,1219,62658,1181,57733,61477
29131,58982,1221,62710,1186,57761,61524
29148,58971,1194,62717,1161,57777,61556
29165,58981,1187,62688,1146,57794,61542
29181,58996,1198,62694,1153,57798,61541
29198,59036,1222,62759,1187,57814,61572
29215,59014,1193,62737,1161,57821,61576
29231,59058,1226,62800,1186,57832,61614
29248,59040,1208,62748,1164,57832,61584
29265,59041,1191,62750,1160,57850,61590
29281,59051,1196,62751,1155,57855,61596
29298,59076,1206,62794,1163,57870,61631
29315,59080,1203,62822,1173,57877,61649
29331,59092,1205,62808,1174,57887,61634
29348,59104,1220,62836,1176,57884,61660
29365,59101,1210,62808,1160,57891,61648
29381,59113,1209,62808,1178,57904,61630
29398,59115,1220,62807,1183,57895,61624
29415,59109,1213,62793,1174,57896,61619
29432,59107,1213,62805,1183,57894,61622
29447,59051,1175,62712,1146,57876,61566
29464,59021,1189,62705,1159,57832,61546
29481,58988,1219,62616,1180,57769,61436
29497,58942,1222,62554,1186,57720,61368
29514,58921,1219,62532,1180,57702,61352
29531,58888,1198,62461,1157,57690,61304
29547,58908,1210,62531,1172,57698,61359
29564,58921,1208,62497,1171,57713,61326
29581,58926,1198,62539,1156,57728,61383
29597,58950,1193,62557,1154,57757,61403
29614,59007,1227,62655,1183,57780,61472
29631,59018,1210,62691,1172,57808,61519
29647,59047,1209,62733,1168,57838,61565
29664,59058,1207,62718,1165,57851,61553
29681,59080,1207,62743,1169,57873,61574
29697,59074,1196,62747,1159,57878,61588
29714,59105,1220,62772,1177,57885,61595
29731,59105,1213,62771,1179,57892,61592
29747,59083,1182,62743,1158,57901,61585
29764,59107,1212,62770,1179,57895,61591
29781,59101,1196,62784,1160,57905,61624
29797,59136,1220,62783,1184,57916,61599
29814,59127,1202,62774,1169,57925,61605
29831,59141,1212,62821,1176,57929,61645
29847,59154,1209,62831,1176,57945,61655
29864,59143,1183,62765,1145,57960,61620
29881,59186,1209,62858,1172,57977,61686
29897,59204,1224,62880,1183,57980,61697
29914,59181,1184,62850,1154,57997,61696
29931,59220,1226,62889,1184,57994,61705
29947,59175,1183,62843,1147,57992,61696
29964,59157,1213,62841,1174,57944,61667
29981,59106,1220,62740,1175,57886,61565
29997,59020,1204,62642,1162,57816,61480
