Tiempo (ms),IR,AMB_IR,RED,AMB_RED,IR_net,RED_net
3016,48718,1169,33220,1149,47549,32071
3031,48637,1165,33161,1121,47472,32040
3048,48563,1136,33092,1108,47427,31984
3065,48526,1104,33036,1073,47422,31963
3081,48534,1119,33041,1090,47415,31951
3098,48573,1146,33067,1104,47427,31963
3115,48595,1172,33118,1144,47423,31974
3131,48598,1153,33098,1108,47445,31990
3148,48576,1125,33104,1103,47451,32001
3165,48592,1095,33097,1061,47497,32036
3181,48631,1111,33145,1084,47520,32061
3198,48698,1139,33191,1103,47559,32088
3215,48734,1175,33256,1143,47559,32113
3231,48733,1156,33232,1115,47577,32117
3248,48708,1125,33229,1105,47583,32124
3265,48705,1097,33208,1066,47608,32142
3281,48733,1115,33235,1091,47618,32144
3298,48778,1144,33266,1101,47634,32165
3315,48800,1174,33301,1135,47626,32166
3331,48790,1157,33274,1119,47633,32155
3348,48761,1125,33272,1102,47636,32170
3365,48757,1097,33244,1070,47660,32174
3381,48782,1112,33275,1082,47670,32193
3398,48826,1135,33308,1100,47691,32208
3415,48855,1176,33355,1133,47679,32222
3431,48848,1146,33330,1104,47702,32226
3448,48824,1119,33322,1092,47705,32230
3465,48822,1081,33297,1055,47741,32242
3481,48842,1098,33333,1075,47744,32258
3498,48884,1123,33362,1082,47761,32280
3515,48915,1158,33407,1124,47757,32283
3531,48898,1135,33371,1098,47763,32273
3548,48838,1104,33334,1077,47734,32257
3565,48785,1072,33249,1040,47713,32209
3581,48753,1094,33225,1063,47659,32162
3598,48742,1120,33189,1077,47622,32112
3615,48708,1145,33180,1113,47563,32067
3631,48669,1122,33121,1087,47547,32034
3648,48624,1094,33099,1067,47530,32032
3665,48609,1059,33058,1026,47550,32032
3681,48626,1069,33092,1048,47557,32044
3698,48671,1094,33117,1051,47577,32066
3715,48715,1126,33182,1099,47589,32083
3731,48722,1104,33179,1064,47618,32115
3748,48704,1078,33182,1049,47626,32133
3765,48713,1040,33166,1011,47673,32155
3781,48747,1055,33200,1030,47692,32170
3798,48792,1081,33243,1040,47711,32203
3815,48819,1110,33291,1079,47709,32212
3831,48813,1088,33279,1047,47725,32232
3848,48787,1059,33251,1031,47728,32220
3865,48779,1027,33229,991,47752,32238
3881,48804,1045,33261,1017,47759,32244
3898,48845,1063,33287,1029,47782,32258
3915,48872,1102,33334,1070,47770,32264
3931,48860,1076,33320,1041,47784,32279
3948,48835,1052,33300,1022,47783,32278
3965,48839,1030,33271,987,47809,32284
3981,48853,1035,33300,1011,47818,32289
3998,48898,1060,33329,1013,47838,32316
4015,48922,1074,33373,1058,47848,32315
4032,48919,1068,33364,1031,47851,32333
4047,48885,1045,33319,996,47840,32323
4064,48865,1008,33313,977,47857,32336
4081,48891,1039,33344,1002,47852,32342
4097,48935,1056,33382,1036,47879,32346
4114,48937,1093,33375,1051,47844,32324
4131,48871,1054,33287,1023,47817,32264
4147,48785,1039,33196,989,47746,32207
4164,48713,1004,33120,980,47709,32140
4181,48683,1032,33107,994,47651,32113
4197,48699,1048,33113,1033,47651,32080
4214,48718,1083,33118,1047,47635,32071
4231,48695,1051,33090,1019,47644,32071
4247,48660,1030,33051,982,47630,32069
4264,48656,1001,33053,971,47655,32082
4281,48693,1031,33092,996,47662,32096
4297,48747,1050,33150,1031,47697,32119
4314,48800,1083,33203,1049,47717,32154
4331,48805,1053,33190,1023,47752,32167
4347,48782,1031,33164,990,47751,32174
4364,48773,1005,33168,970,47768,32198
4381,48802,1033,33208,998,47769,32210
4397,48842,1045,33249,1032,47797,32217
4414,48882,1079,33269,1044,47803,32225
4431,48871,1047,33247,1023,47824,32224
4447,48840,1032,33222,988,47808,32234
4464,48827,1001,33214,965,47826,32249
4481,48850,1031,33242,994,47819,32248
4497,48894,1048,33296,1028,47846,32268
4514,48937,1080,33325,1044,47857,32281
4531,48922,1051,33297,1020,47871,32277
4547,48896,1027,33267,987,47869,32280
4564,48891,997,33263,967,47894,32296
4581,48914,1023,33293,988,47891,32305
4597,48954,1040,33338,1029,47914,32309
4614,48988,1081,33367,1036,47907,32331
4631,48976,1045,33349,1015,47931,32334
4647,48949,1025,33325,980,47924,32345
4664,48910,1000,33278,965,47910,32313
4681,48873,1018,33253,981,47855,32272
4697,48845,1037,33194,1017,47808,32177
4714,48827,1067,33176,1029,47760,32147
4731,48753,1038,33099,1000,47715,32099
4747,48691,1014,33044,970,47677,32074
4764,48654,985,32987,952,47669,32035
4781,48674,1012,33025,978,47662,32047
4797,48713,1027,33045,1011,47686,32034
4814,48764,1067,33105,1032,47697,32073
4831,48752,1033,33085,1007,47719,32078
4847,48750,1021,33096,969,47729,32127
4864,48740,985,33073,953,47755,32120
4881,48780,1001,33127,977,47779,32150
4897,48838,1028,33158,1012,47810,32146
4914,48883,1061,33221,1025,47822,32196
4931,48868,1040,33197,998,47828,32199
4947,48850,1014,33200,971,47836,32229
4964,48824,981,33167,954,47843,32213
4981,48867,1001,33197,974,47866,32223
4997,48908,1026,33225,1012,47882,32213
5014,48947,1063,33282,1023,47884,32259
5031,48932,1036,33254,1002,47896,32252
5048,48912,1010,33245,963,47902,32282
5063,48902,982,33231,953,47920,32278
5080,48947,1010,33253,970,47937,32283
5097,48971,1039,33300,1004,47932,32296
5113,49019,1057,33317,1019,47962,32298
5130,48990,1022,33319,997,47968,32322
5147,48984,994,33287,962,47990,32325
5163,48958,972,33303,948,47986,32355
5180,48998,1005,33315,964,47993,32351
5197,49027,1036,33366,1005,47991,32361
5213,49043,1051,33345,1015,47992,32330
5230,48958,1023,33269,991,47935,32278
5247,48874,985,33166,963,47889,32203
5263,48783,972,33095,942,47811,32153
5280,48759,998,33045,961,47761,32084
5297,48747,1032,33047,994,47715,32053
5313,48766,1048,33032,1013,47718,32019
5330,48725,1012,33016,988,47713,32028
5347,48709,981,32986,951,47728,32035
5363,48696,965,32997,940,47731,32057
5380,48746,991,33008,953,47755,32055
5397,48785,1025,33072,995,47760,32077
5413,48835,1037,33096,1006,47798,32090
5430,48820,1006,33101,979,47814,32122
5447,48816,971,33084,945,47845,32139
5463,48806,958,33099,929,47848,32170
5480,48856,984,33120,948,47872,32172
5497,48878,1018,33174,981,47860,32193
5513,48920,1031,33192,999,47889,32193
5530,48899,998,33165,975,47901,32190
5547,48882,964,33131,936,47918,32195
5563,48865,945,33138,918,47920,32220
5580,48909,972,33175,930,47937,32245
5597,48946,1010,33226,973,47936,32253
5613,48979,1022,33255,987,47957,32268
5630,48954,983,33233,961,47971,32272
5647,48944,955,33198,916,47989,32282
5663,48926,935,33192,906,47991,32286
5680,48969,962,33217,921,48007,32296
5697,48997,995,33270,955,48002,32315
5713,49041,1009,33296,974,48032,32322
5730,49009,972,33279,944,48037,32335
5747,49006,937,33255,914,48069,32341
5763,48960,922,33213,895,48038,32318
5780,48935,946,33177,916,47989,32261
5797,48878,966,33140,946,47912,32194
5813,48842,1000,33074,968,47842,32106
5830,48757,968,32991,938,47789,32053
5847,48706,946,32927,902,47760,32025
5863,48673,914,32908,889,47759,32019
5880,48707,943,32936,905,47764,32031
5897,48740,960,32982,944,47780,32038
5913,48782,995,33007,958,47787,32049
5930,48765,959,32996,934,47806,32062
5947,48774,948,32967,901,47826,32066
5963,48770,909,32993,878,47861,32115
5980,48832,943,33045,905,47889,32140
5997,48864,956,33112,942,47908,32170
6013,48917,992,33133,963,47925,32170
6030,48891,958,33115,935,47933,32180
6047,48884,945,33087,893,47939,32194
6064,48869,905,33072,878,47964,32194
6079,48901,934,33133,915,47967,32218
6096,48952,976,33162,936,47976,32226
6113,48981,967,33181,951,48014,32230
6129,48955,955,33161,914,48000,32247
6146,48940,921,33151,897,48019,32254
6163,48933,926,33172,873,48007,32299
6179,48990,935,33205,908,48055,32297
6196,49044,970,33238,940,48074,32298
6213,49072,973,33264,958,48099,32306
6229,49049,953,33246,921,48096,32325
6246,49027,925,33237,895,48102,32342
6263,49022,932,33248,878,48090,32370
6279,49075,937,33279,916,48138,32363
6296,49129,975,33318,937,48154,32381
6313,49118,970,33307,953,48148,32354
6329,49033,957,33227,917,48076,32310
6346,48944,927,33113,895,48017,32218
6363,48860,929,33052,878,47931,32174
6379,48848,940,33039,913,47908,32126
6396,48867,980,33037,940,47887,32097
6413,48864,967,33023,950,47897,32073
6429,48841,958,33009,922,47883,32087
6446,48816,921,32984,896,47895,32088
6463,48819,929,33007,877,47890,32130
6479,48872,933,33035,909,47939,32126
6496,48939,972,33103,940,47967,32163
6513,48986,969,33138,958,48017,32180
6529,48978,962,33154,923,48016,32231
6546,48965,926,33134,901,48039,32233
6563,48964,932,33148,883,48032,32265
6579,49020,940,33184,919,48080,32265
6596,49075,978,33240,944,48097,32296
6613,49104,985,33259,966,48119,32293
6629,49074,966,33248,928,48108,32320
6646,49054,939,33221,914,48115,32307
6663,49053,925,33232,893,48128,32339
6679,49093,955,33261,935,48138,32326
6696,49147,988,33307,957,48159,32350
6713,49176,1009,33332,978,48167,32354
6729,49158,978,33320,939,48180,32381
6746,49137,946,33301,919,48191,32382
6763,49125,931,33307,900,48194,32407
6779,49173,952,33329,932,48221,32397
6796,49228,995,33384,958,48233,32426
6813,49245,1011,33382,973,48234,32409
6829,49219,972,33377,936,48247,32441
6846,49188,945,33348,915,48243,32433
6863,49143,925,33304,897,48218,32407
6879,49123,957,33257,930,48166,32327
6896,49116,995,33237,955,48121,32282
6913,49073,1004,33192,975,48069,32217
6929,49009,975,33138,934,48034,32204
6946,48964,935,33078,913,48029,32165
6963,48939,922,33080,895,48017,32185
6979,48988,951,33099,927,48037,32172
6996,49039,986,33155,948,48053,32207
7013,49083,1006,33179,973,48077,32206
7030,49064,968,33186,928,48096,32258
7046,49057,937,33168,908,48120,32260
7063,49068,924,33181,893,48144,32288
7080,49118,956,33221,924,48162,32297
7095,49174,991,33300,972,48183,32328
7112,49180,990,33289,973,48190,32316
7129,49170,960,33261,937,48210,32324
7145,49134,943,33222,897,48191,32325
7162,49149,949,33244,896,48200,32348
7179,49167,973,33268,927,48194,32341
7195,49212,984,33324,963,48228,32361
7212,49213,976,33318,964,48237,32354
7229,49202,952,33295,925,48250,32370
7245,49185,924,33256,883,48261,32373
7262,49195,918,33277,872,48277,32405
7279,49219,949,33325,910,48270,32415
7295,49269,972,33361,942,48297,32419
7312,49268,958,33366,945,48310,32421
7329,49261,937,33347,903,48324,32444
7345,49234,904,33325,866,48330,32459
7362,49249,917,33326,864,48332,32462
7379,49244,939,33337,900,48305,32437
7395,49239,958,33304,939,48281,32365
7412,49184,959,33260,944,48225,32316
7429,49107,926,33168,901,48181,32267
7445,49026,907,33094,868,48119,32226
7462,49010,906,33063,858,48104,32205
7479,49018,939,33088,898,48079,32190
7495,49054,955,33109,937,48099,32172
7512,49054,950,33125,940,48104,32185
7529,49055,929,33100,904,48126,32196
7545,49035,897,33084,863,48138,32221
7562,49062,908,33105,858,48154,32247
7579,49100,917,33168,890,48183,32278
7595,49159,952,33201,933,48207,32268
7612,49173,950,33235,937,48223,32298
7629,49174,936,33217,900,48238,32317
7645,49152,896,33205,863,48256,32342
7662,49166,905,33208,854,48261,32354
7679,49189,915,33241,890,48274,32351
7695,49231,952,33273,932,48279,32341
7712,49233,952,33292,936,48281,32356
7729,49226,938,33265,899,48288,32366
7745,49196,906,33243,862,48290,32381
7762,49227,911,33254,854,48316,32400
7779,49241,919,33292,894,48322,32398
7795,49292,955,33331,935,48337,32396
7812,49295,955,33341,943,48340,32398
7829,49293,936,33305,897,48357,32408
7845,49263,905,33296,864,48358,32432
7862,49274,909,33301,856,48365,32445
7879,49297,919,33337,897,48378,32440
7895,49340,956,33359,938,48384,32421
7912,49311,952,33341,945,48359,32396
7929,49235,943,33237,901,48292,32336
7945,49137,909,33133,867,48228,32266
7962,49077,910,33057,858,48167,32199
7979,49044,918,33034,894,48126,32140
7995,49064,963,33053,935,48101,32118
8012,49044,949,33048,935,48095,32113
8029,49039,944,33016,898,48095,32118
8045,49007,907,32996,865,48100,32131
8062,49033,910,33002,861,48123,32141
8079,49065,921,33047,902,48144,32145
8096,49122,963,33100,939,48159,32161
8111,49126,959,33111,926,48167,32185
8128,49124,936,33114,910,48188,32204
8145,49124,905,33083,878,48219,32205
8161,49137,920,33123,895,48217,32228
8178,49175,945,33138,906,48230,32232
8195,49212,983,33187,946,48229,32241
8211,49208,970,33186,937,48238,32249
8228,49182,941,33155,915,48241,32240
8245,49177,908,33125,883,48269,32242
8261,49195,923,33144,894,48272,32250
8278,49235,954,33183,908,48281,32275
8295,49265,995,33241,951,48270,32290
8311,49268,970,33238,937,48298,32301
8328,49249,940,33217,917,48309,32300
8345,49249,908,33181,884,48341,32297
8361,49271,924,33205,895,48347,32310
8378,49314,957,33257,915,48357,32342
8395,49347,992,33316,953,48355,32363
8411,49352,975,33317,933,48377,32384
8428,49309,950,33265,921,48359,32344
8445,49234,927,33158,886,48307,32272
8461,49167,935,33073,901,48232,32172
8478,49111,953,33029,912,48158,32117
8495,49081,975,33017,955,48106,32062
8511,49042,977,32978,940,48065,32038
8528,49005,947,32930,926,48058,32004
8545,48984,928,32882,891,48056,31991
8561,48994,934,32897,902,48060,31995
8578,49038,954,32932,914,48084,32018
8595,49076,974,33004,947,48102,32057
8611,49097,974,33016,938,48123,32078
8628,49091,948,32999,927,48143,32072
8645,49100,932,32986,888,48168,32098
8661,49127,932,33017,900,48195,32117
8678,49175,957,33068,919,48218,32149
8695,49205,980,33125,959,48225,32166
8711,49209,976,33126,938,48233,32188
8728,49187,951,33092,922,48236,32170
8745,49173,929,33065,894,48244,32171
8761,49189,932,33082,900,48257,32182
8778,49230,952,33120,916,48278,32204
8795,49270,982,33182,956,48288,32226
8811,49271,977,33190,940,48294,32250
8828,49260,954,33168,925,48306,32243
8845,49258,931,33144,893,48327,32251
8861,49276,932,33151,898,48344,32253
8878,49318,960,33205,916,48358,32289
8895,49353,974,33268,953,48379,32315
8911,49364,976,33278,940,48388,32338
8928,49346,948,33242,920,48398,32322
8945,49327,929,33198,894,48398,32304
8961,49287,931,33143,901,48356,32242
8978,49237,957,33094,913,48280,32181
8995,49175,979,33064,953,48196,32111
9011,49114,981,32997,944,48133,32053
9028,49053,950,32925,926,48103,31999
9045,49022,930,32873,890,48092,31983
9062,49035,931,32882,903,48104,31979
9078,49081,961,32923,918,48120,32005
9095,49116,981,32985,957,48135,32028
9112,49129,982,32997,964,48147,32033
9127,49122,950,32983,907,48172,32076
9144,49115,918,32969,895,48197,32074
9161,49162,940,33014,901,48222,32113
9177,49219,959,33051,936,48260,32115
9194,49266,995,33114,957,48271,32157
9211,49262,961,33095,939,48301,32156
9227,49237,948,33098,904,48289,32194
9244,49208,911,33066,891,48297,32175
9261,49240,938,33093,897,48302,32196
9277,49280,953,33118,935,48327,32183
9294,49330,994,33173,948,48336,32225
9311,49317,960,33146,938,48357,32208
9327,49299,948,33147,904,48351,32243
9344,49287,910,33119,884,48377,32235
9361,49316,928,33166,896,48388,32270
9377,49373,952,33197,929,48421,32268
9394,49420,991,33251,955,48429,32296
9411,49415,972,33235,937,48443,32298
9427,49398,943,33233,897,48455,32336
9444,49377,904,33209,886,48473,32323
9461,49388,922,33227,895,48466,32332
9477,49379,953,33185,929,48426,32256
9494,49351,993,33161,948,48358,32213
9511,49251,974,33060,936,48277,32124
9527,49177,941,32984,896,48236,32088
9544,49115,909,32922,883,48206,32039
9561,49133,932,32940,892,48201,32048
9577,49169,947,32964,928,48222,32036
9594,49223,989,33017,949,48234,32068
9611,49218,971,33011,933,48247,32078
9627,49211,942,33020,897,48269,32123
9644,49206,905,33001,885,48301,32116
9661,49261,925,33060,893,48336,32167
9677,49309,953,33097,928,48356,32169
9694,49370,987,33168,952,48383,32216
9711,49363,971,33150,938,48392,32212
9727,49347,946,33144,897,48401,32247
9744,49317,907,33110,878,48410,32232
9761,49347,921,33150,888,48426,32262
9777,49376,950,33163,927,48426,32236
9794,49431,988,33214,944,48443,32270
9811,49417,977,33183,937,48440,32246
9827,49395,948,33167,904,48447,32263
9844,49368,908,33139,887,48460,32252
9861,49399,925,33174,895,48474,32279
9877,49446,952,33203,928,48494,32275
9894,49488,994,33262,947,48494,32315
9911,49481,970,33231,935,48511,32296
9927,49465,945,33230,899,48520,32331
9944,49443,905,33206,883,48538,32323
9961,49470,919,33233,888,48551,32345
9977,49506,950,33244,927,48556,32317
9994,49514,988,33258,943,48526,32315
10011,49426,969,33169,933,48457,32236
10027,49330,943,33073,913,48387,32160
10044,49249,902,32978,879,48347,32099
10061,49232,920,32967,889,48312,32078
10077,49254,943,32974,900,48311,32074
10094,49272,980,33014,937,48292,32077
10111,49282,969,32991,927,48313,32064
10128,49258,934,32990,909,48324,32081
10143,49238,899,32964,862,48339,32102
10160,49295,920,33001,884,48375,32117
10177,49344,960,33076,914,48384,32162
10193,49403,980,33115,944,48423,32171
10210,49390,947,33114,924,48443,32190
10227,49383,910,33076,889,48473,32187
10243,49357,895,33075,857,48462,32218
10260,49399,922,33094,873,48477,32221
10277,49423,931,33146,911,48492,32235
10293,49472,972,33177,941,48500,32236
10310,49440,947,33154,923,48493,32231
10327,49435,927,33112,886,48508,32226
10343,49402,894,33099,859,48508,32240
10360,49450,915,33133,876,48535,32257
10377,49475,932,33191,905,48543,32286
10393,49530,970,33214,941,48560,32273
10410,49498,945,33194,918,48553,32276
10427,49492,925,33170,884,48567,32286
10443,49455,888,33162,853,48567,32309
10460,49506,915,33186,879,48591,32307
10477,49534,932,33236,908,48602,32328
10493,49579,967,33261,937,48612,32324
10510,49536,943,33219,913,48593,32306
10527,49475,924,33135,885,48551,32250
10543,49377,888,33042,854,48489,32188
10560,49339,914,32987,870,48425,32117
10577,49311,930,32987,906,48381,32081
10593,49318,970,32975,935,48348,32040
10610,49286,942,32940,917,48344,32023
10627,49271,924,32903,888,48347,32015
10643,49242,888,32883,854,48354,32029
10660,49288,914,32928,872,48374,32056
10677,49322,931,32986,907,48391,32079
10693,49394,971,33033,942,48423,32091
10710,49374,938,33028,913,48436,32115
10727,49383,924,33002,885,48459,32117
10743,49369,887,33016,851,48482,32165
10760,49404,910,33039,874,48494,32165
10777,49437,924,33094,907,48513,32187
10793,49495,970,33125,938,48525,32187
10810,49464,941,33100,913,48523,32187
10827,49448,921,33063,879,48527,32184
10843,49422,885,33059,851,48537,32208
10860,49464,913,33092,873,48551,32219
10877,49499,930,33142,903,48569,32239
10893,49551,968,33172,939,48583,32233
10910,49529,938,33154,914,48591,32240
10927,49520,926,33128,882,48594,32246
10943,49498,888,33119,867,48610,32252
10960,49542,912,33158,875,48630,32283
10977,49568,926,33203,897,48642,32306
10993,49625,971,33236,918,48654,32318
11010,49608,939,33214,915,48669,32299
11027,49585,922,33194,882,48663,32312
11043,49531,881,33150,862,48650,32288
11060,49499,912,33115,875,48587,32240
11077,49468,928,33081,911,48540,32170
11093,49444,971,33025,921,48473,32104
11110,49371,943,32958,911,48428,32047
11127,49314,923,32885,882,48391,32003
11144,49277,886,32856,868,48391,31988
11159,49308,915,32890,882,48393,32008
11176,49362,955,32935,906,48407,32029
11193,49383,971,32968,940,48412,32028
11209,49366,942,32962,904,48424,32058
11226,49353,910,32946,889,48443,32057
11243,49359,896,32939,855,48463,32084
11259,49409,917,32988,892,48492,32096
11276,49467,958,33044,908,48509,32136
11293,49500,970,33078,942,48530,32136
11309,49474,948,33065,907,48526,32158
11326,49453,910,33036,893,48543,32143
11343,49442,891,33020,857,48551,32163
11359,49482,924,33045,895,48558,32150
11376,49533,963,33104,908,48570,32196
11393,49566,976,33130,946,48590,32184
11409,49540,951,33113,914,48589,32199
11426,49503,908,33081,893,48595,32188
11443,49515,896,33080,861,48619,32219
11459,49555,923,33111,891,48632,32220
11476,49611,959,33158,913,48652,32245
11493,49641,980,33196,944,48661,32252
11509,49618,949,33187,909,48669,32278
11526,49599,914,33157,892,48685,32265
11543,49584,897,33146,858,48687,32288
11559,49623,918,33173,898,48705,32275
11576,49678,956,33227,910,48722,32317
11593,49699,978,33255,942,48721,32313
11609,49641,947,33198,909,48694,32289
11626,49545,907,33082,896,48638,32186
11643,49453,889,32980,852,48564,32128
11659,49421,922,32939,893,48499,32046
11676,49418,966,32927,915,48452,32012
11693,49410,973,32929,946,48437,31983
11709,49367,945,32891,911,48422,31980
11726,49330,908,32859,888,48422,31971
11743,49320,893,32828,858,48427,31970
11759,49363,916,32871,886,48447,31985
11776,49426,960,32926,906,48466,32020
11793,49463,976,32986,943,48487,32043
11809,49451,943,32973,913,48508,32060
11826,49435,913,32953,893,48522,32060
11843,49442,896,32945,860,48546,32085
11859,49489,922,32986,880,48567,32106
11876,49540,962,33037,909,48578,32128
11893,49565,976,33072,948,48589,32124
11909,49538,945,33057,925,48593,32132
11926,49534,908,33018,892,48626,32126
11943,49500,889,33000,851,48611,32149
11959,49547,919,33041,878,48628,32163
11976,49580,957,33085,907,48623,32178
11993,49629,973,33130,946,48656,32184
12009,49615,943,33120,920,48672,32200
12026,49610,911,33092,887,48699,32205
12043,49583,895,33080,857,48688,32223
12059,49628,919,33112,883,48709,32229
12076,49660,961,33165,912,48699,32253
12093,49711,978,33207,947,48733,32260
12109,49686,948,33192,922,48738,32270
12126,49685,913,33173,892,48772,32281
12143,49658,893,33147,855,48765,32292
12160,49693,921,33168,882,48772,32286
12175,49731,960,33206,931,48771,32275
12192,49703,972,33197,949,48731,32248
12209,49625,954,33093,913,48671,32180
12225,49517,915,32983,882,48602,32101
12242,49459,908,32886,865,48551,32021
12259,49428,924,32888,895,48504,31993
12275,49450,963,32899,933,48487,31966
12292,49448,978,32910,951,48470,31959
12309,49438,954,32866,912,48484,31954
12325,49413,916,32860,882,48497,31978
12342,49429,906,32852,868,48523,31984
12359,49469,930,32906,901,48539,32005
12375,49524,968,32953,936,48556,32017
12392,49549,989,33008,955,48560,32053
12409,49548,956,32965,922,48592,32043
12425,49525,917,32963,880,48608,32083
12442,49546,910,32953,870,48636,32083
12459,49564,927,33003,902,48637,32101
12475,49614,973,33029,944,48641,32085
12492,49619,987,33064,959,48632,32105
12509,49611,961,33027,918,48650,32109
12525,49580,917,33020,884,48663,32136
12542,49601,908,32996,868,48693,32128
12559,49618,927,33049,897,48691,32152
12575,49681,974,33077,943,48707,32134
12592,49688,985,33130,956,48703,32174
12609,49684,959,33090,918,48725,32172
12625,49659,920,33082,886,48739,32196
12642,49670,907,33059,866,48763,32193
12659,49695,926,33122,900,48769,32222
12675,49749,968,33146,938,48781,32208
12692,49765,986,33194,959,48779,32235
12709,49757,959,33155,920,48798,32235
12725,49730,920,33143,904,48810,32239
12742,49746,902,33123,866,48844,32257
12759,49757,923,33163,895,48834,32268
12775,49785,967,33170,914,48818,32256
12792,49741,985,33153,953,48756,32200
12809,49660,955,33044,916,48705,32128
12825,49557,920,32950,899,48637,32051
12842,49503,904,32870,866,48599,32004
12859,49512,921,32889,898,48591,31991
12875,49547,959,32907,913,48588,31994
12892,49563,979,32942,948,48584,31994
12909,49544,953,32901,914,48591,31987
12925,49522,917,32893,896,48605,31997
12942,49534,897,32885,860,48637,32025
12959,49580,921,32945,892,48659,32053
12975,49648,959,32996,912,48689,32084
12992,49683,978,33045,950,48705,32095
13009,49673,958,33022,908,48715,32114
13025,49651,916,33008,892,48735,32116
13042,49640,894,32997,864,48746,32133
13059,49683,918,33038,891,48765,32147
13075,49733,962,33058,907,48771,32151
13092,49750,979,33107,949,48771,32158
13109,49734,948,33071,910,48786,32161
13125,49701,912,33060,896,48789,32164
13142,49702,890,33032,854,48812,32178
13159,49735,915,33087,885,48820,32202
13176,49783,953,33110,908,48830,32202
13191,49806,973,33170,922,48833,32248
13208,49775,937,33132,913,48838,32219
13225,49761,911,33099,874,48850,32225
13241,49778,894,33095,876,48884,32219
13258,49820,931,33145,885,48889,32260
13275,49848,961,33200,932,48887,32268
13291,49863,978,33224,923,48885,32301
13308,49835,933,33180,912,48902,32268
13325,49821,912,33149,871,48909,32278
13341,49835,897,33149,880,48938,32269
13358,49859,931,33179,891,48928,32288
13375,49850,957,33180,925,48893,32255
13391,49809,973,33145,924,48836,32221
13408,49723,939,33043,910,48784,32133
13425,49651,911,32952,874,48740,32078
13441,49619,889,32903,874,48730,32029
13458,49639,924,32933,892,48715,32041
13475,49666,954,32963,927,48712,32036
13491,49681,974,32987,920,48707,32067
13508,49648,929,32951,906,48719,32045
13525,49651,906,32923,865,48745,32058
13541,49656,886,32935,871,48770,32064
13558,49716,923,32989,878,48793,32111
13575,49773,949,33056,920,48824,32136
13591,49783,969,33092,916,48814,32176
13608,49759,926,33053,900,48833,32153
13625,49743,898,33031,862,48845,32169
13641,49756,881,33021,851,48875,32170
13658,49799,920,33062,878,48879,32184
13675,49831,946,33114,921,48885,32193
13691,49845,962,33132,934,48883,32198
13708,49830,928,33099,900,48902,32199
13725,49793,905,33072,864,48888,32208
13741,49803,885,33071,851,48918,32220
13758,49830,920,33115,875,48910,32240
13775,49887,945,33162,922,48942,32240
13791,49903,970,33200,936,48933,32264
13808,49894,926,33165,904,48968,32261
13825,49862,906,33134,862,48956,32272
13841,49855,888,33125,846,48967,32279
13858,49892,917,33160,877,48975,32283
13875,49934,946,33220,923,48988,32297
13891,49953,969,33237,933,48984,32304
13908,49938,925,33195,896,49013,32299
13925,49895,906,33159,866,48989,32293
13941,49853,885,33110,850,48968,32260
13958,49824,919,33096,882,48905,32214
13975,49811,938,33082,914,48873,32168
13991,49779,969,33045,934,48810,32111
14008,49725,927,32971,901,48798,32070
14025,49674,910,32912,869,48764,32043
14041,49653,877,32894,848,48776,32046
14058,49690,922,32939,883,48768,32056
14075,49743,947,32993,921,48796,32072
14091,49769,975,33018,943,48794,32075
14108,49760,938,32994,908,48822,32086
14125,49734,913,32968,872,48821,32096
14141,49739,885,32970,857,48854,32113
14158,49785,924,33029,886,48861,32143
14175,49842,954,33077,929,48888,32148
14192,49859,974,33111,941,48885,32170
14207,49831,935,33069,893,48896,32176
14224,49784,898,33045,866,48886,32179
14241,49807,890,33058,873,48917,32185
14257,49850,925,33074,901,48925,32173
14274,49893,967,33127,924,48926,32203
14291,49910,979,33128,924,48931,32204
14307,49876,935,33118,897,48941,32221
14324,49843,899,33094,867,48944,32227
14341,49860,891,33107,873,48969,32234
14357,49904,926,33135,904,48978,32231
14374,49963,964,33186,929,48999,32257
14391,49972,982,33180,925,48990,32255
14407,49939,935,33176,898,49004,32278
14424,49907,902,33151,876,49005,32275
14441,49923,896,33162,873,49027,32289
14457,49968,929,33186,904,49039,32282
14474,50021,970,33228,927,49051,32301
14491,50016,981,33219,926,49035,32293
14507,49940,945,33158,916,48995,32242
14524,49834,901,33050,876,48933,32174
14541,49769,889,33000,878,48880,32122
14557,49759,933,32953,892,48826,32061
14574,49746,972,32960,930,48774,32030
14591,49755,977,32924,926,48778,31998
14607,49708,938,32910,918,48770,31992
14624,49683,903,32872,875,48780,31997
14641,49679,889,32889,878,48790,32011
14657,49736,933,32911,895,48803,32016
14674,49780,969,32971,930,48811,32041
14691,49814,982,32979,925,48832,32054
14707,49797,941,32989,916,48856,32073
14724,49785,903,32958,878,48882,32080
14741,49786,893,32981,878,48893,32103
14757,49823,932,33010,888,48891,32122
14774,49868,967,33050,927,48901,32123
14791,49884,982,33059,931,48902,32128
14807,49854,940,33038,915,48914,32123
14824,49834,904,33002,872,48930,32130
14841,49834,891,33029,878,48943,32151
14857,49875,929,33051,889,48946,32162
14874,49914,972,33107,932,48942,32175
14891,49952,988,33104,932,48964,32172
14907,49915,948,33109,916,48967,32193
14924,49905,908,33082,879,48997,32203
14941,49906,892,33111,880,49014,32231
14957,49955,930,33125,889,49025,32236
14974,49993,970,33181,933,49023,32248
14991,50035,990,33181,936,49045,32245
15007,49989,943,33175,915,49046,32260
15024,49969,904,33145,879,49065,32266
15041,49973,892,33160,882,49081,32278
15057,50013,925,33164,890,49088,32274
15074,49997,974,33176,926,49023,32250
15091,49957,987,33106,936,48970,32170
15107,49845,947,33003,921,48898,32082
15124,49764,908,32908,878,48856,32030
15141,49722,896,32879,876,48826,32003
15157,49746,925,32874,889,48821,31985
15174,49768,969,32916,934,48799,31982
15191,49798,989,32911,936,48809,31975
15208,49759,942,32910,919,48817,31991
15223,49728,909,32874,862,48819,32012
15240,49763,918,32900,874,48845,32026
15257,49810,935,32945,908,48875,32037
15273,49874,964,32999,954,48910,32045
15290,49865,958,33000,937,48907,32063
15307,49869,944,32983,898,48925,32085
15323,49842,909,32984,862,48933,32122
15340,49868,916,32992,874,48952,32118
15357,49897,925,33024,905,48972,32119
15373,49944,965,33056,944,48979,32112
15390,49927,958,33058,935,48969,32123
15407,49921,946,33024,897,48975,32127
15423,49885,903,33008,871,48982,32137
15440,49916,914,33035,872,49002,32163
15457,49948,930,33075,909,49018,32166
15473,50004,968,33105,931,49036,32174
15490,49996,969,33125,943,49027,32182
15507,49993,953,33104,902,49040,32202
15523,49974,910,33096,880,49064,32216
15540,49976,919,33106,879,49057,32227
15557,50024,939,33147,910,49085,32237
15573,50076,970,33176,933,49106,32243
15590,50095,967,33188,943,49128,32245
15607,50056,956,33158,907,49100,32251
15623,50027,921,33152,886,49106,32266
15640,50010,921,33139,878,49089,32261
15657,49997,937,33118,907,49060,32211
15673,49977,973,33064,931,49004,32133
15690,49917,957,32987,943,48960,32044
15707,49836,946,32908,903,48890,32005
15723,49771,912,32862,884,48859,31978
15740,49756,916,32851,869,48840,31982
15757,49790,930,32878,905,48860,31973
15773,49842,963,32895,930,48879,31965
15790,49855,956,32909,943,48899,31966
15807,49828,944,32889,900,48884,31989
15823,49801,904,32893,878,48897,32015
15840,49826,915,32903,865,48911,32038
15857,49880,933,32955,900,48947,32055
15873,49939,964,32990,925,48975,32065
15890,49958,956,33002,942,49002,32060
15907,49924,939,32973,898,48985,32075
15923,49891,904,32948,876,48987,32072
15940,49890,914,32963,865,48976,32098
15957,49944,920,32996,904,49024,32092
15973,49991,959,33031,928,49032,32103
15990,50002,955,33023,935,49047,32088
16007,49971,943,33008,897,49028,32111
16023,49946,905,32987,873,49041,32114
16040,49948,914,33008,866,49034,32142
16057,49998,928,33038,902,49070,32136
16073,50062,965,33081,926,49097,32155
16090,50073,955,33087,941,49118,32146
16107,50042,938,33061,894,49104,32167
16123,50016,900,33048,876,49116,32172
16140,50011,910,33065,864,49101,32201
16157,50058,925,33079,897,49133,32182
16173,50110,958,33125,918,49152,32207
16190,50129,957,33126,938,49172,32188
16207,50086,940,33115,892,49146,32223
16224,50017,904,33033,871,49113,32162
16239,49970,904,32974,878,49066,32096
16256,49953,938,32942,895,49015,32047
16273,49925,960,32926,940,48965,31986
16289,49879,955,32878,909,48924,31969
16306,49824,917,32829,892,48907,31937
16323,49802,894,32790,855,48908,31935
16339,49814,903,32804,855,48911,31949
16356,49864,934,32833,893,48930,31940
16373,49904,958,32900,939,48946,31961
16389,49897,947,32893,934,48950,31959
16406,49905,915,32866,892,48990,31974
16423,49885,901,32858,855,48984,32003
16439,49903,901,32881,852,49002,32029
16456,49934,934,32922,888,49000,32034
16473,49990,953,32978,940,49037,32038
16489,49989,948,32972,929,49041,32043
16506,49978,915,32945,892,49063,32053
16523,49946,896,32904,847,49050,32057
16539,49966,905,32931,858,49061,32073
16556,49988,933,32970,891,49055,32079
16573,50041,958,33018,937,49083,32081
16589,50037,949,33012,934,49088,32078
16606,50035,918,32990,893,49117,32097
16623,50002,896,32963,851,49106,32112
16639,50021,904,32984,845,49117,32139
16656,50056,936,33035,891,49120,32144
16673,50110,955,33080,938,49155,32142
16689,50107,951,33075,932,49156,32143
16706,50106,914,33045,892,49192,32153
16723,50071,897,33011,851,49174,32160
16739,50082,897,33040,848,49185,32192
16756,50116,928,33091,884,49188,32207
16773,50171,950,33130,934,49221,32196
16789,50136,948,33096,933,49188,32163
16806,50059,914,33000,885,49145,32115
16823,49957,899,32885,849,49058,32036
16839,49911,902,32829,840,49009,31989
16856,49870,929,32822,880,48941,31942
16873,49898,947,32832,930,48951,31902
16889,49871,946,32809,931,48925,31878
16906,49858,918,32774,888,48940,31886
16923,49824,893,32742,849,48931,31893
16939,49837,895,32761,846,48942,31915
16956,49870,927,32800,886,48943,31914
16973,49930,952,32867,929,48978,31938
16989,49933,945,32862,932,48988,31930
17006,49938,910,32843,887,49028,31956
17023,49911,894,32825,844,49017,31981
17039,49930,898,32841,846,49032,31995
17056,49948,923,32882,887,49025,31995
17073,49998,952,32921,932,49046,31989
17089,49997,943,32932,928,49054,32004
17106,49995,912,32895,887,49083,32008
17123,49960,893,32872,847,49067,32025
17139,49973,902,32880,845,49071,32035
17156,49998,926,32927,885,49072,32042
17173,50056,951,32957,926,49105,32031
17190,50053,939,32983,932,49114,32051
17206,50054,917,32956,888,49137,32068
17223,50027,888,32935,848,49139,32087
17240,50048,897,32948,850,49151,32098
17255,50097,931,32992,887,49166,32105
17272,50152,963,33056,930,49189,32126
17289,50137,943,33029,904,49194,32125
17305,50114,912,33025,885,49202,32140
17322,50108,875,32982,842,49233,32140
17339,50124,895,33024,864,49229,32160
17355,50168,925,33048,885,49243,32163
17372,50181,961,33092,925,49220,32167
17389,50146,943,33025,908,49203,32117
17405,50045,907,32926,888,49138,32038
17422,49934,884,32801,847,49050,31954
17439,49888,892,32773,862,48996,31911
17455,49888,921,32732,884,48967,31848
17472,49889,963,32763,923,48926,31840
17489,49872,942,32720,909,48930,31811
17505,49838,906,32698,885,48932,31813
17522,49820,874,32653,845,48946,31808
17539,49841,897,32689,865,48944,31824
17555,49882,923,32714,878,48959,31836
17572,49928,965,32779,924,48963,31855
17589,49935,942,32764,906,48993,31858
17605,49921,909,32771,885,49012,31886
17622,49906,872,32739,850,49034,31889
17639,49933,893,32769,860,49040,31909
17655,49963,923,32803,879,49040,31924
17672,49998,963,32854,922,49035,31932
17689,49994,942,32819,903,49052,31916
17705,49970,911,32802,886,49059,31916
17722,49953,869,32770,851,49084,31919
17739,49972,892,32806,864,49080,31942
17755,50012,926,32833,881,49086,31952
17772,50052,964,32892,922,49088,31970
17789,50053,941,32863,908,49112,31955
17805,50031,910,32862,886,49121,31976
17822,50023,874,32833,849,49149,31984
17839,50049,895,32878,863,49154,32015
17855,50090,927,32907,876,49163,32031
17872,50130,960,32961,921,49170,32040
17889,50133,946,32947,907,49187,32040
17905,50109,916,32937,890,49193,32047
17922,50102,876,32905,848,49226,32057
17939,50122,897,32919,865,49225,32054
17955,50171,927,32969,882,49244,32087
17972,50197,965,33029,925,49232,32104
17989,50199,946,33026,900,49253,32126
18005,50159,912,32971,885,49247,32086
18022,50097,873,32894,852,49224,32042
18039,50030,891,32801,862,49139,31939
18055,49989,919,32763,881,49070,31882
18072,49952,961,32751,920,48991,31831
18089,49905,942,32702,907,48963,31795
18105,49852,914,32639,892,48938,31747
18122,49822,871,32572,850,48951,31722
18139,49832,890,32584,860,48942,31724
18155,49868,917,32618,873,48951,31745
18172,49903,956,32678,922,48947,31756
18189,49905,937,32681,904,48968,31777
18206,49896,915,32650,889,48981,31761
18222,49894,888,32623,848,49006,31775
18239,49913,895,32645,864,49018,31781
18256,49959,921,32700,876,49038,31824
18271,50011,968,32761,917,49043,31844
18288,49998,929,32730,902,49069,31828
18305,49974,916,32691,871,49058,31820
18321,49935,876,32671,854,49059,31817
18338,49960,902,32701,860,49058,31841
18355,49998,916,32748,900,49082,31848
18371,50049,957,32765,916,49092,31849
18388,50032,930,32750,902,49102,31848
18405,50015,910,32716,870,49105,31846
18421,49992,876,32712,851,49116,31861
18438,50029,902,32746,857,49127,31889
18455,50076,918,32812,896,49158,31916
18471,50129,959,32842,919,49170,31923
18488,50123,930,32822,903,49193,31919
18505,50098,908,32786,868,49190,31918
18521,50078,877,32772,849,49201,31923
18538,50111,899,32814,856,49212,31958
18555,50151,912,32873,885,49239,31988
18571,50207,958,32902,918,49249,31984
18588,50189,927,32883,906,49262,31977
18605,50168,907,32841,869,49261,31972
18621,50139,871,32837,849,49268,31988
18638,50172,902,32864,862,49270,32002
18655,50204,913,32906,890,49291,32016
18671,50243,956,32923,914,49287,32009
18688,50215,924,32893,894,49291,31999
18705,50155,916,32809,862,49239,31947
18721,50056,872,32714,851,49184,31863
18738,50002,902,32665,858,49100,31807
18755,49975,918,32651,892,49057,31759
18771,49976,957,32622,907,49019,31715
18788,49933,922,32573,902,49011,31671
18805,49891,910,32516,869,48981,31647
18821,49862,870,32500,847,48992,31653
18838,49886,899,32534,865,48987,31669
18855,49922,923,32548,895,48999,31653
18871,49981,963,32619,913,49018,31706
18888,49969,929,32599,904,49040,31695
18905,49959,915,32603,867,49044,31736
18921,49951,879,32588,858,49072,31730
18938,49991,907,32622,863,49084,31759
18955,50031,921,32652,896,49110,31756
18971,50076,964,32700,912,49112,31788
18988,50066,932,32688,911,49134,31777
19005,50039,918,32677,870,49121,31807
19021,50010,880,32641,858,49130,31783
19038,50036,906,32660,861,49130,31799
19055,50073,917,32678,891,49156,31787
19071,50126,963,32728,919,49163,31809
19088,50112,953,32713,910,49159,31803
19105,50088,920,32707,879,49168,31828
19121,50074,888,32683,864,49186,31819
19138,50104,901,32710,876,49203,31834
19155,50137,929,32737,904,49208,31833
19171,50187,966,32776,922,49221,31854
19188,50184,958,32779,916,49226,31863
19205,50165,927,32772,883,49238,31889
19222,50139,890,32741,861,49249,31880
19238,50167,899,32766,877,49268,31889
19255,50209,928,32789,903,49281,31886
19272,50250,965,32835,921,49285,31914
19287,50229,936,32825,912,49293,31913
19304,50221,900,32793,884,49321,31909
19321,50197,887,32780,855,49310,31925
19337,50233,914,32809,874,49319,31935
19354,50239,950,32842,903,49289,31939
19371,50242,970,32826,936,49272,31890
19387,50143,938,32722,917,49205,31805
19404,50055,904,32612,884,49151,31728
19421,49972,888,32538,850,49084,31688
19437,49961,915,32514,868,49046,31646
19454,49964,949,32536,897,49015,31639
19471,49992,964,32553,931,49028,31622
19487,49956,933,32532,905,49023,31627
19504,49956,902,32503,885,49054,31618
19521,49918,881,32481,848,49037,31633
19537,49963,908,32513,869,49055,31644
19554,50002,945,32569,895,49057,31674
19571,50061,964,32614,933,49097,31681
19587,50037,940,32605,915,49097,31690
19604,50043,906,32576,886,49137,31690
19621,50020,885,32554,847,49135,31707
19637,50056,909,32593,871,49147,31722
19654,50082,947,32635,896,49135,31739
19671,50131,966,32669,931,49165,31738
19687,50099,937,32647,911,49162,31736
19704,50085,900,32623,878,49185,31745
19721,50067,886,32607,850,49181,31757
19737,50099,903,32631,865,49196,31766
19754,50130,940,32681,898,49190,31783
19771,50181,964,32712,925,49217,31787
19787,50162,935,32710,908,49227,31802
19804,50160,903,32689,880,49257,31809
19821,50138,886,32688,848,49252,31840
19837,50169,911,32700,867,49258,31833
19854,50208,948,32755,900,49260,31855
19871,50255,965,32781,933,49290,31848
19887,50229,933,32777,908,49296,31869
19904,50228,905,32749,885,49323,31864
19921,50195,890,32730,853,49305,31877
19937,50225,908,32748,873,49317,31875
19954,50258,948,32798,901,49310,31897
19971,50303,967,32822,939,49336,31883
19987,50273,943,32810,915,49330,31895
20004,50214,921,32727,884,49293,31843
20021,50109,890,32633,850,49219,31783
20037,50074,912,32566,872,49162,31694
20054,50023,926,32552,900,49097,31652
20071,50028,970,32532,936,49058,31596
20087,49979,945,32489,915,49034,31574
20104,49953,931,32448,886,49022,31562
20121,49909,889,32418,858,49020,31560
20137,49947,916,32440,876,49031,31564
20154,49971,929,32477,898,49042,31579
20171,50020,972,32506,939,49048,31567
20187,50004,944,32506,918,49060,31588
20204,50016,928,32480,889,49088,31591
20221,49985,888,32481,856,49097,31625
20237,50030,911,32501,874,49119,31627
20254,50062,929,32555,903,49133,31652
20271,50119,967,32587,935,49152,31652
20288,50088,943,32581,912,49145,31669
20303,50057,908,32550,888,49149,31662
20320,50053,888,32516,854,49165,31662
20337,50083,908,32557,880,49175,31677
20353,50137,948,32584,898,49189,31686
20370,50165,964,32639,936,49201,31703
20387,50142,939,32603,902,49203,31701
20403,50115,900,32598,884,49215,31714
20420,50124,887,32578,846,49237,31732
20437,50161,904,32625,881,49257,31744
20453,50212,948,32661,898,49264,31763
20470,50247,967,32716,932,49280,31784
20487,50227,943,32680,899,49284,31781
20503,50202,908,32679,884,49294,31795
20520,50196,890,32649,852,49306,31797
20537,50241,906,32695,879,49335,31816
20553,50290,947,32722,895,49343,31827
20570,50319,963,32777,929,49356,31848
20587,50296,943,32738,902,49353,31836
20603,50265,903,32731,886,49362,31845
20620,50257,883,32695,853,49374,31842
20637,50291,911,32729,881,49380,31848
20653,50325,948,32749,896,49377,31853
20670,50295,964,32738,936,49331,31802
20687,50190,944,32628,899,49246,31729
20703,50086,902,32530,884,49184,31646
20720,50021,884,32443,851,49137,31592
20737,50014,909,32427,878,49105,31549
20753,50044,947,32443,894,49097,31549
20770,50050,964,32470,933,49086,31537
20787,50023,942,32458,896,49081,31562
20803,49997,902,32434,884,49095,31550
20820,49993,886,32408,846,49107,31562
20837,50032,906,32444,882,49126,31562
20853,50093,942,32488,898,49151,31590
20870,50131,963,32543,934,49168,31609
20887,50123,946,32546,902,49177,31644
20903,50098,908,32514,888,49190,31626
20920,50094,898,32486,850,49196,31636
20937,50126,909,32510,878,49217,31632
20953,50175,944,32547,895,49231,31652
20970,50197,961,32591,931,49236,31660
20987,50171,938,32560,895,49233,31665
21003,50139,902,32536,883,49237,31653
21020,50136,892,32508,847,49244,31661
21037,50171,900,32539,871,49271,31668
21053,50229,942,32585,893,49287,31692
21070,50258,958,32633,933,49300,31700
21087,50238,939,32627,897,49299,31730
21103,50209,897,32594,883,49312,31711
21120,50203,883,32576,849,49320,31727
21137,50244,904,32606,867,49340,31739
21153,50303,940,32654,891,49363,31763
21170,50335,961,32704,925,49374,31779
21187,50311,937,32679,894,49374,31785
21203,50278,896,32658,878,49382,31780
21220,50280,887,32626,849,49393,31777
21237,50307,902,32662,875,49405,31787
21254,50363,944,32696,889,49419,31807
21270,50388,958,32735,926,49430,31809
21287,50366,939,32716,896,49427,31820
21304,50331,908,32692,881,49423,31811
21319,50323,884,32648,844,49439,31804
21336,50301,916,32651,872,49385,31779
21353,50298,932,32635,907,49366,31728
21369,50240,961,32571,925,49279,31646
21386,50163,918,32487,895,49245,31592
21403,50090,895,32396,862,49195,31534
21419,50060,871,32368,841,49189,31527
21436,50076,909,32398,869,49167,31529
21453,50117,930,32438,904,49187,31534
21469,50142,959,32465,920,49183,31545
21486,50130,919,32433,890,49211,31543
21503,50104,898,32414,858,49206,31556
21519,50111,870,32406,843,49241,31563
21536,50148,909,32465,874,49239,31591
21553,50205,932,32496,906,49273,31590
21569,50224,957,32550,924,49267,31626
21586,50210,916,32509,895,49294,31614
21603,50180,892,32492,850,49288,31642
21619,50177,871,32463,836,49306,31627
21636,50202,905,32500,866,49297,31634
21653,50240,924,32523,901,49316,31622
21669,50260,951,32574,915,49309,31659
21686,50247,906,32535,885,49341,31650
21703,50215,890,32522,845,49325,31677
21719,50218,867,32496,836,49351,31660
21736,50250,901,32548,860,49349,31688
21753,50300,925,32576,895,49375,31681
21769,50325,949,32627,916,49376,31711
21786,50314,924,32601,880,49390,31721
21803,50285,890,32591,843,49395,31748
21819,50285,860,32563,825,49425,31738
21836,50321,879,32606,859,49442,31747
21853,50368,917,32627,893,49451,31734
21869,50391,945,32666,908,49446,31758
21886,50376,920,32646,873,49456,31773
21903,50344,882,32630,838,49462,31792
21919,50334,855,32601,822,49479,31779
21936,50369,878,32644,848,49491,31796
21953,50414,914,32670,892,49500,31778
21969,50434,938,32703,909,49496,31794
21986,50394,921,32651,874,49473,31777
22003,50310,878,32583,832,49432,31751
22019,50243,849,32480,820,49394,31660
22036,50207,872,32467,846,49335,31621
22053,50209,902,32435,883,49307,31552
22069,50200,936,32455,897,49264,31558
22086,50168,911,32408,871,49257,31537
22103,50126,874,32386,832,49252,31554
22119,50118,852,32349,817,49266,31532
22136,50149,875,32395,846,49274,31549
22153,50201,901,32418,883,49300,31535
22169,50226,933,32477,896,49293,31581
22186,50227,913,32455,867,49314,31588
22203,50199,873,32461,827,49326,31634
22219,50202,843,32431,819,49359,31612
22236,50238,868,32469,838,49370,31631
22253,50287,899,32499,880,49388,31619
22269,50314,933,32549,895,49381,31654
22286,50289,906,32507,866,49383,31641
22303,50251,876,32496,825,49375,31671
22320,50249,847,32457,814,49402,31643
22335,50291,880,32500,841,49411,31659
22352,50320,919,32541,873,49401,31668
22369,50341,929,32542,881,49412,31661
22385,50317,896,32540,862,49421,31678
22402,50302,855,32510,824,49447,31686
22419,50298,843,32524,822,49455,31702
22435,50343,878,32543,837,49465,31706
22452,50379,915,32586,876,49464,31710
22469,50404,926,32616,877,49478,31739
22485,50372,888,32585,866,49484,31719
22502,50363,853,32562,826,49510,31736
22519,50356,844,32557,824,49512,31733
22535,50400,875,32591,836,49525,31755
22552,50443,917,32641,876,49526,31765
22569,50461,928,32667,874,49533,31793
22585,50426,884,32638,860,49542,31778
22602,50412,855,32601,828,49557,31773
22619,50382,844,32574,822,49538,31752
22635,50388,876,32570,840,49512,31730
22652,50346,921,32540,877,49425,31663
22669,50293,934,32492,879,49359,31613
22685,50205,895,32397,867,49310,31530
22702,50143,880,32327,834,49263,31493
22719,50109,843,32292,830,49266,31462
22735,50140,876,32313,834,49264,31479
22752,50167,899,32351,875,49268,31476
22769,50189,935,32384,882,49254,31502
22785,50162,896,32345,867,49266,31478
22802,50150,876,32319,823,49274,31496
22819,50142,839,32316,822,49303,31494
22835,50205,880,32363,836,49325,31527
22852,50248,896,32426,879,49352,31547
22869,50275,931,32457,885,49344,31572
22885,50244,893,32425,865,49351,31560
22902,50228,873,32390,829,49355,31561
22919,50216,841,32375,825,49375,31550
22935,50254,879,32414,839,49375,31575
22952,50292,900,32464,884,49392,31580
22969,50319,935,32487,886,49384,31601
22985,50279,895,32452,869,49384,31583
23002,50270,880,32421,828,49390,31593
23019,50254,845,32417,830,49409,31587
23035,50308,878,32458,840,49430,31618
23052,50343,897,32504,880,49446,31624
23069,50374,934,32527,886,49440,31641
23085,50347,896,32507,870,49451,31637
23102,50337,882,32482,831,49455,31651
23119,50318,841,32469,820,49477,31649
23135,50385,880,32520,845,49505,31675
23152,50416,896,32562,881,49520,31681
23169,50442,935,32586,890,49507,31696
23185,50417,898,32569,868,49519,31701
23202,50396,880,32529,829,49516,31700
23219,50393,845,32530,823,49548,31707
23235,50436,880,32566,838,49556,31728
23252,50468,893,32607,882,49575,31725
23269,50467,937,32599,893,49530,31706
23285,50371,896,32502,868,49475,31634
23302,50262,882,32381,832,49380,31549
23319,50185,843,32298,824,49342,31474
23336,50180,881,32283,843,49299,31440
23351,50201,918,32295,876,49283,31419
23368,50189,904,32280,890,49285,31390
23385,50146,895,32265,852,49251,31413
23401,50115,867,32231,834,49248,31397
23418,50112,864,32230,826,49248,31404
23435,50156,879,32259,855,49277,31404
23451,50217,918,32307,878,49299,31429
23468,50235,905,32314,888,49330,31426
23485,50205,901,32314,856,49304,31458
23501,50185,861,32295,833,49324,31462
23518,50193,869,32298,826,49324,31472
23535,50233,877,32322,854,49356,31468
23551,50289,916,32366,878,49373,31488
23568,50296,909,32360,888,49387,31472
23585,50260,895,32353,853,49365,31500
23601,50224,857,32312,829,49367,31483
23618,50223,843,32318,814,49380,31504
23635,50269,875,32334,852,49394,31482
23651,50318,914,32382,874,49404,31508
23668,50342,932,32392,895,49410,31497
23685,50305,898,32394,855,49407,31539
23701,50285,859,32364,829,49426,31535
23718,50298,848,32372,817,49450,31555
23735,50343,879,32398,850,49464,31548
23751,50398,917,32455,877,49481,31578
23768,50416,935,32458,890,49481,31568
23785,50391,893,32458,851,49498,31607
23801,50361,855,32425,831,49506,31594
23818,50366,840,32436,811,49526,31625
23835,50410,871,32456,851,49539,31605
23851,50457,911,32498,871,49546,31627
23868,50478,926,32509,886,49552,31623
23885,50448,893,32507,845,49555,31662
23901,50416,855,32464,829,49561,31635
23918,50407,841,32472,814,49566,31658
23935,50403,864,32432,844,49539,31588
23951,50383,909,32397,869,49474,31528
23968,50319,927,32330,886,49392,31444
23985,50230,893,32256,850,49337,31406
24001,50152,858,32179,827,49294,31352
24018,50122,837,32157,809,49285,31348
24035,50150,873,32163,847,49277,31316
24051,50194,908,32188,869,49286,31319
24068,50215,925,32204,889,49290,31315
24085,50178,887,32196,842,49291,31354
24101,50150,849,32172,821,49301,31351
24118,50156,835,32181,809,49321,31372
24135,50208,872,32202,842,49336,31360
24151,50260,901,32251,865,49359,31386
24168,50291,921,32270,885,49370,31385
24185,50260,891,32263,846,49369,31417
24201,50223,846,32225,823,49377,31402
24218,50212,836,32225,808,49376,31417
24235,50257,865,32238,825,49392,31413
24251,50301,906,32273,868,49395,31405
24268,50322,920,32290,881,49402,31409
24285,50293,881,32280,861,49412,31419
24302,50263,855,32255,818,49408,31437
24318,50263,834,32262,805,49429,31457
24335,50306,866,32270,817,49440,31453
24352,50347,906,32324,870,49441,31454
24367,50361,900,32342,881,49461,31461
24384,50352,875,32320,838,49477,31482
24401,50330,849,32305,802,49481,31503
24417,50349,850,32312,806,49499,31506
24434,50380,876,32351,836,49504,31515
24451,50428,903,32391,876,49525,31515
24467,50423,891,32394,878,49532,31516
24484,50423,880,32380,838,49543,31542
24501,50397,839,32354,797,49558,31557
24517,50416,847,32371,804,49569,31567
24534,50440,858,32405,833,49582,31572
24551,50481,892,32418,871,49589,31547
24567,50484,891,32442,873,49593,31569
24584,50461,877,32398,835,49584,31563
24601,50387,842,32327,795,49545,31532
24617,50332,847,32254,800,49485,31454
24634,50273,852,32210,830,49421,31380
24651,50260,892,32181,875,49368,31306
24667,50225,882,32155,876,49343,31279
24684,50198,872,32098,834,49326,31264
24701,50149,836,32072,791,49313,31281
24717,50154,842,32070,787,49312,31283
24734,50181,848,32107,829,49333,31278
24751,50231,893,32145,871,49338,31274
24767,50229,884,32158,870,49345,31288
24784,50231,872,32132,827,49359,31305
24801,50206,838,32123,790,49368,31333
24817,50232,839,32134,787,49393,31347
24834,50264,847,32173,824,49417,31349
24851,50312,889,32208,869,49423,31339
24867,50297,884,32221,869,49413,31352
24884,50288,868,32188,829,49420,31359
24901,50267,835,32166,789,49432,31377
24917,50274,841,32165,786,49433,31379
24934,50297,849,32205,826,49448,31379
24951,50340,885,32225,866,49455,31359
24967,50345,885,32259,873,49460,31386
24984,50339,869,32225,827,49470,31398
25001,50315,832,32213,792,49483,31421
25017,50338,838,32214,784,49500,31430
25034,50364,849,32264,825,49515,31439
25051,50407,884,32292,864,49523,31428
25067,50419,882,32316,868,49537,31448
25084,50421,868,32295,828,49553,31467
25101,50391,833,32277,795,49558,31482
25117,50412,838,32290,783,49574,31507
25134,50434,847,32327,823,49587,31504
25151,50485,888,32361,841,49597,31520
25167,50491,885,32386,870,49606,31516
25184,50488,872,32355,832,49616,31523
25201,50464,835,32340,808,49629,31532
25217,50470,840,32344,789,49630,31555
25234,50492,848,32381,819,49644,31562
25251,50534,883,32400,847,49651,31553
25267,50517,888,32389,876,49629,31513
25284,50411,874,32282,837,49537,31445
25301,50300,842,32169,811,49458,31358
25317,50224,844,32109,789,49380,31320
25334,50212,846,32092,823,49366,31269
25351,50236,891,32090,848,49345,31242
25368,50238,895,32098,867,49343,31231
25383,50183,862,32065,832,49321,31233
25400,50170,841,32020,795,49329,31225
25417,50183,838,32029,813,49345,31216
25433,50219,871,32085,825,49348,31260
25450,50256,897,32142,870,49359,31272
25467,50271,895,32149,861,49376,31288
25483,50245,874,32121,841,49371,31280
25500,50245,843,32092,813,49402,31279
25517,50258,850,32099,818,49408,31281
25533,50287,875,32134,830,49412,31304
25550,50316,892,32187,874,49424,31313
25567,50315,894,32186,858,49421,31328
25583,50283,868,32149,837,49415,31312
25600,50271,841,32118,801,49430,31317
25617,50286,848,32117,815,49438,31302
25633,50323,873,32165,832,49450,31333
25650,50354,892,32215,869,49462,31346
25667,50359,896,32221,859,49463,31362
25683,50342,868,32198,836,49474,31362
25700,50334,845,32160,806,49489,31354
25717,50357,849,32176,816,49508,31360
25733,50402,874,32223,834,49528,31389
25750,50430,895,32279,867,49535,31412
25767,50444,896,32297,855,49548,31442
25783,50421,870,32266,837,49551,31429
25800,50411,847,32230,811,49564,31419
25817,50429,849,32237,817,49580,31420
25833,50474,870,32281,826,49604,31455
25850,50495,893,32343,868,49602,31475
25867,50500,892,32352,852,49608,31500
25883,50484,865,32320,840,49619,31480
25900,50474,840,32289,807,49634,31482
25917,50488,843,32284,812,49645,31472
25933,50525,871,32339,827,49654,31512
25950,50520,893,32352,860,49627,31492
25967,50453,895,32284,852,49558,31432
25983,50345,861,32160,837,49484,31323
26000,50248,839,32045,804,49409,31241
26017,50203,842,31985,812,49361,31173
26033,50207,872,32000,831,49335,31169
26050,50197,888,32026,860,49309,31166
26067,50198,890,32003,873,49308,31130
26083,50165,862,31965,835,49303,31130
26100,50150,840,31922,797,49310,31125
26117,50162,844,31933,784,49318,31149
26133,50180,863,31986,827,49317,31159
26150,50230,894,32036,860,49336,31176
26167,50245,889,32049,874,49356,31175
26183,50239,866,32013,837,49373,31176
26200,50210,844,31987,797,49366,31190
26217,50228,841,31990,790,49387,31200
26233,50247,866,32031,824,49381,31207
26250,50282,889,32081,857,49393,31224
26267,50282,887,32075,871,49395,31204
26283,50280,863,32037,834,49417,31203
26300,50241,839,31994,797,49402,31197
26317,50256,838,31995,785,49418,31210
26333,50279,865,32055,816,49414,31239
26350,50329,888,32102,856,49441,31246
26367,50330,887,32113,873,49443,31240
26384,50336,864,32077,835,49472,31242
26399,50296,827,32056,798,49469,31258
26416,50332,839,32085,807,49493,31278
26433,50373,864,32107,837,49509,31270
26449,50421,905,32171,856,49516,31315
26466,50419,892,32157,849,49527,31308
26483,50398,860,32152,815,49538,31337
26499,50372,823,32119,796,49549,31323
26516,50401,831,32146,804,49570,31342
26533,50444,864,32180,838,49580,31342
26549,50495,908,32235,861,49587,31374
26566,50487,890,32222,849,49597,31373
26583,50461,851,32207,813,49610,31394
26599,50434,818,32177,795,49616,31382
26616,50457,833,32200,805,49624,31395
26633,50467,858,32183,838,49609,31345
26649,50444,903,32161,859,49541,31302
26666,50330,886,32052,845,49444,31207
26683,50238,856,31967,817,49382,31150
26699,50156,816,31874,795,49340,31079
26716,50135,829,31864,804,49306,31060
26733,50157,854,31858,833,49303,31025
26749,50187,895,31901,855,49292,31046
26766,50173,888,31880,845,49285,31035
26783,50147,856,31861,810,49291,31051
26799,50121,819,31829,788,49302,31041
26816,50151,826,31859,800,49325,31059
26833,50193,853,31887,832,49340,31055
26849,50255,899,31958,852,49356,31106
26866,50241,883,31943,840,49358,31103
26883,50225,850,31942,806,49375,31136
26899,50199,809,31897,789,49390,31108
26916,50214,815,31922,788,49399,31134
26933,50252,843,31938,807,49409,31131
26949,50298,886,31981,839,49412,31142
26966,50287,876,31980,830,49411,31150
26983,50284,840,31998,818,49444,31180
26999,50267,805,31977,777,49462,31200
27016,50295,813,32003,787,49482,31216
27033,50327,845,32024,802,49482,31222
27049,50359,884,32074,844,49475,31230
27066,50370,883,32062,831,49487,31231
27083,50358,842,32054,818,49516,31236
27099,50354,804,32021,780,49550,31241
27116,50372,821,32055,794,49551,31261
27133,50415,842,32087,800,49573,31287
27149,50447,884,32131,837,49563,31294
27166,50461,882,32123,834,49579,31289
27183,50433,843,32108,819,49590,31289
27199,50424,805,32064,784,49619,31280
27216,50438,815,32096,793,49623,31303
27233,50473,845,32114,804,49628,31310
27249,50508,886,32164,839,49622,31325
27266,50516,882,32161,836,49634,31325
27283,50467,845,32118,819,49622,31299
27299,50392,808,32027,785,49584,31242
27316,50321,817,31959,793,49504,31166
27333,50282,851,31907,802,49431,31105
27349,50255,890,31904,836,49365,31068
27366,50231,882,31857,835,49349,31022
27383,50190,846,31828,824,49344,31004
27400,50174,808,31797,786,49366,31011
27415,50200,833,31818,792,49367,31026
27432,50231,844,31866,823,49387,31043
27449,50286,886,31906,863,49400,31043
27465,50269,865,31901,842,49404,31059
27482,50273,848,31885,811,49425,31074
27499,50260,814,31884,782,49446,31102
27515,50299,838,31908,800,49461,31108
27532,50330,851,31952,822,49479,31130
27549,50371,891,31980,858,49480,31122
27565,50344,865,31966,830,49479,31136
27582,50330,842,31925,806,49488,31119
27599,50300,808,31910,776,49492,31134
27615,50324,828,31920,790,49496,31130
27632,50346,837,31962,815,49509,31147
27649,50387,873,31982,851,49514,31131
27665,50365,852,31970,825,49513,31145
27682,50363,839,31945,800,49524,31145
27699,50346,804,31938,770,49542,31168
27715,50378,826,31960,786,49552,31174
27732,50398,836,31994,809,49562,31185
27749,50450,872,32029,844,49578,31185
27765,50430,848,32033,824,49582,31209
27782,50424,837,31993,795,49587,31198
27799,50404,808,31978,768,49596,31210
27815,50433,824,31989,786,49609,31203
27832,50448,835,32036,804,49613,31232
27849,50492,872,32048,825,49620,31223
27865,50472,849,32033,819,49623,31214
27882,50463,839,31999,797,49624,31202
27899,50408,809,31958,775,49599,31183
27915,50373,821,31906,782,49552,31124
27932,50300,828,31866,801,49472,31065
27949,50264,865,31804,824,49399,30980
27965,50205,838,31744,811,49367,30933
27982,50155,829,31679,785,49326,30894
27999,50105,796,31641,770,49309,30871
28015,50114,809,31643,773,49305,30870
28032,50142,822,31682,795,49320,30887
28049,50184,857,31704,810,49327,30894
28065,50180,829,31692,805,49351,30887
28082,50174,822,31677,782,49352,30895
28099,50155,786,31686,766,49369,30920
28115,50180,800,31702,771,49380,30931
28132,50221,808,31742,787,49413,30955
28149,50267,850,31780,798,49417,30982
28165,50263,824,31773,795,49439,30978
28182,50243,818,31743,773,49425,30970
28199,50215,780,31735,756,49435,30979
28215,50232,794,31747,758,49438,30989
28232,50268,806,31788,781,49462,31007
28249,50307,847,31813,799,49460,31014
28265,50308,824,31804,794,49484,31010
28282,50287,813,31776,771,49474,31005
28299,50259,779,31780,752,49480,31028
28315,50291,798,31791,759,49493,31032
28332,50327,808,31834,781,49519,31053
28349,50371,838,31864,797,49533,31067
28365,50366,821,31857,789,49545,31068
28382,50354,804,31832,763,49550,31069
28399,50334,778,31830,745,49556,31085
28416,50362,794,31858,751,49568,31107
28431,50423,825,31893,776,49598,31117
28448,50448,840,31935,810,49608,31125
28465,50429,818,31925,778,49611,31147
28481,50411,791,31906,765,49620,31141
28498,50394,779,31874,737,49615,31137
28515,50381,796,31846,764,49585,31082
28531,50349,829,31804,780,49520,31024
28548,50273,843,31758,815,49430,30943
28565,50191,818,31672,782,49373,30890
28581,50102,790,31594,766,49312,30828
28598,50057,771,31525,739,49286,30786
28615,50069,790,31536,763,49279,30773
28631,50105,832,31558,778,49273,30780
28648,50117,845,31591,811,49272,30780
28665,50093,820,31569,785,49273,30784
28681,50065,790,31539,770,49275,30769
28698,50061,776,31510,739,49285,30771
28715,50092,793,31543,766,49299,30777
28731,50139,827,31587,778,49312,30809
28748,50169,841,31623,811,49328,30812
28765,50155,822,31615,791,49333,30824
28781,50124,790,31578,766,49334,30812
28798,50116,777,31558,734,49339,30824
28815,50137,791,31581,752,49346,30829
28831,50179,829,31617,777,49350,30840
28848,50210,848,31654,814,49362,30840
28865,50185,823,31632,793,49362,30839
28881,50178,790,31610,770,49388,30840
28898,50156,779,31584,740,49377,30844
28915,50195,793,31621,753,49402,30868
28931,50216,832,31656,781,49384,30875
28948,50266,843,31688,808,49423,30880
28965,50252,824,31685,800,49428,30885
28981,50252,789,31674,771,49463,30903
28998,50228,774,31643,739,49454,30904
29015,50264,793,31677,756,49471,30921
29031,50295,824,31726,780,49471,30946
29048,50344,843,31766,812,49501,30954
29065,50327,824,31748,796,49503,30952
29081,50326,793,31724,770,49533,30954
29098,50307,778,31704,743,49529,30961
29115,50339,792,31739,752,49547,30987
29131,50367,832,31774,776,49535,30998
29148,50408,842,31810,814,49566,30996
29165,50355,824,31759,800,49531,30959
29181,50255,792,31657,767,49463,30890
29198,50141,776,31541,736,49365,30805
29215,50099,792,31478,753,49307,30725
29231,50048,822,31460,778,49226,30682
29248,50064,840,31449,807,49224,30642
29265,50026,829,31410,799,49197,30611
29281,49997,791,31364,769,49206,30595
29298,49962,778,31334,741,49184,30593
29315,49989,791,31363,753,49198,30610
29331,50013,826,31393,779,49187,30614
29348,50053,843,31437,813,49210,30624
29365,50042,830,31425,796,49212,30629
29381,50043,791,31405,767,49252,30638
29398,50014,780,31372,738,49234,30634
29415,50040,791,31405,752,49249,30653
29432,50066,824,31436,778,49242,30658
29447,50102,849,31473,809,49253,30664
29464,50086,827,31439,784,49259,30655
29481,50044,786,31420,750,49258,30670
29497,50051,771,31390,741,49280,30649
29514,50070,788,31435,762,49282,30673
29531,50122,819,31452,794,49303,30658
29547,50151,844,31508,809,49307,30699
29564,50139,823,31485,780,49316,30705
29581,50127,791,31482,748,49336,30734
29597,50125,767,31457,732,49358,30725
29614,50166,783,31503,762,49383,30741
29631,50215,817,31542,771,49398,30771
29647,50244,840,31596,808,49404,30788
29664,50237,822,31570,783,49415,30787
29681,50215,788,31563,765,49427,30798
29697,50214,763,31539,734,49451,30805
29714,50256,783,31579,758,49473,30821
29731,50302,819,31617,773,49483,30844
29747,50342,844,31675,807,49498,30868
29764,50324,823,31640,783,49501,30857
29781,50300,791,31644,765,49509,30879
29797,50295,768,31623,735,49527,30888
29814,50329,780,31668,751,49549,30917
29831,50385,808,31687,764,49577,30923
29847,50411,835,31740,802,49576,30938
29864,50389,814,31711,776,49575,30935
29881,50353,786,31684,760,49567,30924
29897,50281,765,31597,731,49516,30866
29914,50221,781,31545,750,49440,30795
29931,50195,818,31487,768,49377,30719
29947,50145,842,31469,799,49303,30670
29964,50091,817,31392,776,49274,30616
29981,50034,782,31345,758,49252,30587
29997,50011,759,31314,730,49252,30584
