Tiempo (ms),IR,AMB_IR,RED,AMB_RED,IR_net,RED_net
2000,24345,1137,61374,1146,23208,60228
2015,24382,1172,61414,1174,23210,60240
2032,24406,1173,61453,1163,23233,60290
2049,24406,1151,61470,1145,23255,60325
2065,24459,1170,61541,1158,23289,60383
2082,24491,1167,61605,1160,23324,60445
2099,24534,1166,61671,1140,23368,60531
2115,24599,1174,61768,1171,23425,60597
2132,24643,1172,61853,1168,23471,60685
2149,24677,1159,61923,1150,23518,60773
2165,24724,1156,61999,1134,23568,60865
2182,24759,1132,62066,1127,23627,60939
2199,24823,1170,62165,1151,23653,61014
2215,24881,1176,62240,1165,23705,61075
2232,24895,1145,62285,1142,23750,61143
2249,24954,1173,62367,1160,23781,61207
2265,24989,1173,62421,1153,23816,61268
2282,25024,1159,62482,1155,23865,61327
2299,25057,1165,62541,1151,23892,61390
2315,25110,1172,62596,1164,23938,61432
2332,25132,1165,62651,1159,23967,61492
2349,25154,1156,62692,1150,23998,61542
2365,25181,1141,62743,1134,24040,61609
2382,25239,1159,62837,1149,24080,61688
2399,25279,1147,62906,1131,24132,61775
2415,25378,1170,63040,1166,24208,61874
2432,25431,1165,63140,1163,24266,61977
2449,25472,1153,63212,1145,24319,62067
2465,25520,1155,63288,1153,24365,62135
2482,25521,1164,63269,1158,24357,62111
2499,25361,1163,63028,1151,24198,61877
2515,25089,1150,62561,1142,23939,61419
2532,24795,1172,62007,1165,23623,60842
2549,24494,1165,61572,1161,23329,60411
2565,24290,1164,61251,1147,23126,60104
2582,24167,1149,61028,1145,23018,59883
2599,24091,1159,60937,1146,22932,59791
2615,24067,1164,60893,1152,22903,59741
2632,24029,1143,60859,1141,22886,59718
2649,24017,1138,60854,1129,22879,59725
2665,24058,1159,60900,1146,22899,59754
2682,24092,1151,60984,1149,22941,59835
2699,24148,1157,61084,1145,22991,59939
2715,24206,1152,61162,1148,23054,60014
2732,24220,1140,61207,1131,23080,60076
2749,24256,1157,61251,1145,23099,60106
2765,24253,1155,61249,1147,23098,60102
2782,24241,1143,61237,1138,23098,60099
2799,24250,1142,61245,1134,23108,60111
2815,24274,1145,61289,1147,23129,60142
2832,24300,1162,61331,1154,23138,60177
2849,24303,1133,61350,1125,23170,60225
2865,24360,1157,61438,1140,23203,60298
2882,24370,1119,61475,1106,23251,60369
2899,24449,1157,61586,1144,23292,60442
2915,24507,1158,61680,1149,23349,60531
2932,24539,1139,61739,1130,23400,60609
2949,24615,1164,61850,1152,23451,60698
2965,24645,1145,61910,1130,23500,60780
2982,24677,1131,61967,1118,23546,60849
2999,24729,1143,62044,1123,23586,60921
3016,24797,1166,62154,1158,23631,60996
3031,24834,1165,62187,1135,23669,61052
3048,24866,1161,62268,1149,23705,61119
3065,24910,1154,62327,1144,23756,61183
3081,24928,1151,62351,1121,23777,61230
3098,24969,1155,62444,1147,23814,61297
3115,25020,1169,62500,1159,23851,61341
3131,25042,1157,62521,1123,23885,61398
3148,25053,1136,62586,1129,23917,61457
3165,25095,1136,62657,1125,23959,61532
3181,25144,1135,62723,1110,24009,61613
3198,25193,1139,62821,1124,24054,61697
3215,25279,1166,62942,1143,24113,61799
3231,25342,1166,63022,1130,24176,61892
3248,25380,1154,63115,1146,24226,61969
3265,25403,1139,63152,1124,24264,62028
3281,25405,1149,63127,1111,24256,62016
3298,25328,1166,62971,1151,24162,61820
3315,25091,1174,62612,1155,23917,61457
3331,24807,1160,62141,1136,23647,61005
3348,24546,1153,61666,1144,23393,60522
3365,24326,1142,61353,1135,23184,60218
3381,24182,1125,61134,1090,23057,60044
3398,24160,1152,61072,1141,23008,59931
3415,24135,1153,61052,1147,22982,59905
3431,24129,1155,61050,1123,22974,59927
3448,24139,1143,61100,1132,22996,59968
3465,24186,1136,61165,1128,23050,60037
3481,24229,1127,61247,1103,23102,60144
3498,24297,1136,61377,1126,23161,60251
3515,24349,1144,61458,1129,23205,60329
3531,24378,1152,61498,1125,23226,60373
3548,24388,1154,61510,1140,23234,60370
3565,24385,1147,61495,1135,23238,60360
3581,24360,1142,61481,1112,23218,60369
3598,24362,1123,61480,1109,23239,60371
3615,24405,1146,61540,1138,23259,60402
3631,24417,1152,61570,1123,23265,60447
3648,24449,1139,61626,1125,23310,60501
3665,24480,1135,61675,1125,23345,60550
3681,24503,1136,61738,1114,23367,60624
3698,24576,1149,61822,1131,23427,60691
3715,24615,1136,61896,1126,23479,60770
3731,24629,1124,61956,1098,23505,60858
3748,24708,1147,62052,1137,23561,60915
3765,24737,1127,62098,1115,23610,60983
3781,24765,1138,62180,1118,23627,61062
3798,24835,1148,62243,1137,23687,61106
3815,24869,1147,62306,1139,23722,61167
3831,24879,1144,62363,1120,23735,61243
3848,24928,1146,62408,1138,23782,61270
3865,24938,1123,62423,1107,23815,61316
3881,24961,1143,62502,1123,23818,61379
3898,25017,1146,62547,1130,23871,61417
3915,25054,1151,62595,1141,23903,61454
3931,25034,1125,62629,1103,23909,61526
3948,25104,1151,62704,1134,23953,61570
3965,25146,1143,62765,1128,24003,61637
3981,25147,1109,62821,1088,24038,61733
3998,25251,1144,62923,1121,24107,61802
4015,25311,1151,63023,1141,24160,61882
4032,25336,1144,63117,1128,24192,61989
4047,25395,1146,63163,1136,24249,62027
4064,25382,1142,63154,1131,24240,62023
4081,25241,1127,62968,1096,24114,61872
4097,25080,1144,62629,1139,23936,61490
4114,24791,1146,62104,1139,23645,60965
4131,24456,1110,61639,1098,23346,60541
4147,24301,1139,61346,1123,23162,60223
4164,24155,1113,61111,1102,23042,60009
4181,24072,1121,61022,1102,22951,59920
4197,24078,1136,61002,1127,22942,59875
4214,24053,1117,60981,1117,22936,59864
4231,24053,1127,61008,1111,22926,59897
4247,24088,1125,61040,1107,22963,59933
4264,24112,1103,61108,1098,23009,60010
4281,24180,1130,61225,1115,23050,60110
4297,24238,1127,61297,1121,23111,60176
4314,24254,1116,61343,1114,23138,60229
4331,24267,1132,61362,1111,23135,60251
4347,24260,1118,61338,1100,23142,60238
4364,24265,1116,61346,1116,23149,60230
4381,24249,1118,61349,1106,23131,60243
4397,24286,1116,61375,1112,23170,60263
4414,24291,1106,61405,1111,23185,60294
4431,24334,1128,61470,1117,23206,60353
4447,24365,1124,61506,1107,23241,60399
4464,24378,1094,61561,1093,23284,60468
4481,24442,1128,61657,1110,23314,60547
4497,24506,1127,61733,1123,23379,60610
4514,24558,1130,61828,1123,23428,60705
4531,24597,1126,61906,1112,23471,60794
4547,24654,1130,61992,1122,23524,60870
4564,24691,1118,62061,1117,23573,60944
4581,24713,1115,62116,1100,23598,61016
4597,24791,1138,62209,1130,23653,61079
4614,24816,1124,62267,1118,23692,61149
4631,24839,1122,62311,1110,23717,61201
4647,24889,1134,62386,1121,23755,61265
4664,24904,1109,62412,1108,23795,61304
4681,24938,1124,62466,1113,23814,61353
4697,24984,1126,62532,1115,23858,61417
4714,25020,1133,62590,1126,23887,61464
4731,25054,1130,62646,1118,23924,61528
4747,25103,1126,62725,1105,23977,61620
4764,25145,1114,62802,1108,24031,61694
4781,25184,1102,62877,1086,24082,61791
4797,25279,1132,63016,1123,24147,61893
4814,25341,1137,63109,1125,24204,61984
4831,25364,1120,63149,1116,24244,62033
4847,25335,1125,63070,1117,24210,61953
4864,25147,1102,62734,1094,24045,61640
4881,24846,1107,62281,1112,23739,61169
4897,24548,1125,61718,1111,23423,60607
4914,24299,1117,61316,1111,23182,60205
4931,24103,1107,61044,1110,22996,59934
4947,23993,1113,60847,1106,22880,59741
4964,23917,1103,60746,1095,22814,59651
4981,23880,1089,60704,1102,22791,59602
4997,23880,1127,60683,1115,22753,59568
5014,23864,1118,60680,1110,22746,59570
5031,23877,1097,60702,1094,22780,59608
5048,23928,1114,60798,1105,22814,59693
5063,23955,1087,60828,1077,22868,59751
5080,24031,1122,60971,1107,22909,59864
5097,24053,1125,61015,1100,22928,59915
5113,24067,1113,61008,1107,22954,59901
5130,24071,1130,61025,1117,22941,59908
5147,24044,1099,60988,1090,22945,59898
5163,24069,1121,61004,1097,22948,59907
5180,24079,1108,61026,1086,22971,59940
5197,24124,1130,61103,1127,22994,59976
5213,24139,1122,61125,1100,23017,60025
5230,24185,1122,61215,1114,23063,60101
5247,24209,1097,61265,1083,23112,60182
5263,24275,1116,61344,1093,23159,60251
5280,24315,1109,61443,1095,23206,60348
5297,24380,1123,61540,1117,23257,60423
5313,24431,1128,61598,1101,23303,60497
5330,24475,1133,61707,1122,23342,60585
5347,24519,1131,61769,1118,23388,60651
5363,24547,1119,61804,1091,23428,60713
5380,24593,1129,61889,1112,23464,60777
5397,24636,1136,61953,1119,23500,60834
5413,24668,1129,61989,1102,23539,60887
5430,24699,1131,62060,1115,23568,60945
5447,24733,1118,62103,1109,23615,60994
5463,24759,1123,62135,1091,23636,61044
5480,24791,1123,62207,1113,23668,61094
5497,24843,1140,62290,1124,23703,61166
5513,24882,1137,62335,1093,23745,61242
5530,24924,1123,62438,1112,23801,61326
5547,24973,1117,62512,1104,23856,61408
5563,25031,1118,62614,1088,23913,61526
5580,25097,1127,62719,1116,23970,61603
5597,25130,1113,62770,1101,24017,61669
5613,25167,1136,62818,1101,24031,61717
5630,25087,1114,62676,1105,23973,61571
5647,24905,1134,62373,1122,23771,61251
5663,24633,1127,61858,1094,23506,60764
5680,24360,1122,61409,1106,23238,60303
5697,24117,1129,61076,1110,22988,59966
5713,23981,1131,60818,1099,22850,59719
5730,23900,1124,60685,1120,22776,59565
5747,23836,1117,60617,1109,22719,59508
5763,23814,1119,60594,1090,22695,59504
5780,23815,1109,60587,1100,22706,59487
5797,23825,1116,60619,1103,22709,59516
5813,23861,1113,60695,1087,22748,59608
5830,23936,1121,60808,1111,22815,59697
5847,23992,1123,60901,1111,22869,59790
5863,24019,1125,60972,1089,22894,59883
5880,24055,1131,60995,1112,22924,59883
5897,24049,1121,61002,1110,22928,59892
5913,24049,1130,61014,1109,22919,59905
5930,24034,1101,60982,1089,22933,59893
5947,24075,1127,61030,1118,22948,59912
5963,24058,1105,61052,1079,22953,59973
5980,24133,1132,61117,1115,23001,60002
5997,24169,1129,61180,1113,23040,60067
6013,24201,1135,61268,1106,23066,60162
6030,24257,1134,61348,1125,23123,60223
6047,24308,1131,61415,1114,23177,60301
6064,24321,1125,61500,1096,23196,60404
6079,24413,1138,61587,1126,23275,60461
6096,24451,1146,61670,1134,23305,60536
6113,24450,1109,61694,1090,23341,60604
6129,24534,1133,61785,1123,23401,60662
6146,24569,1126,61858,1120,23443,60738
6163,24581,1130,61913,1104,23451,60809
6179,24633,1115,61961,1104,23518,60857
6196,24677,1135,62041,1127,23542,60914
6213,24690,1131,62089,1105,23559,60984
6229,24741,1132,62141,1117,23609,61024
6246,24759,1112,62180,1098,23647,61082
6263,24795,1132,62252,1105,23663,61147
6279,24866,1132,62333,1133,23734,61200
6296,24885,1121,62397,1108,23764,61289
6313,24945,1136,62494,1112,23809,61382
6329,25013,1131,62575,1123,23882,61452
6346,25066,1132,62686,1126,23934,61560
6363,25095,1129,62734,1105,23966,61629
6379,25123,1119,62768,1109,24004,61659
6396,25119,1134,62733,1118,23985,61615
6413,24975,1130,62534,1117,23845,61417
6429,24764,1124,62096,1109,23640,60987
6446,24486,1108,61645,1106,23378,60539
6463,24207,1113,61261,1093,23094,60168
6479,24091,1138,60989,1131,22953,59858
6496,23986,1139,60834,1128,22847,59706
6513,23908,1127,60754,1111,22781,59643
6529,23894,1121,60715,1105,22773,59610
6546,23885,1119,60720,1111,22766,59609
6563,23889,1127,60747,1111,22762,59636
6579,23952,1134,60824,1129,22818,59695
6596,23991,1130,60909,1127,22861,59782
6613,24030,1131,60978,1120,22899,59858
6629,24065,1135,61019,1121,22930,59898
6646,24060,1122,61016,1117,22938,59899
6663,24040,1121,60994,1109,22919,59885
6679,24039,1116,60971,1113,22923,59858
6696,24031,1113,60981,1112,22918,59869
6713,24052,1116,61013,1118,22936,59895
6729,24066,1117,61039,1097,22949,59942
6746,24102,1127,61104,1123,22975,59981
6763,24127,1103,61151,1108,23024,60043
6779,24185,1135,61218,1130,23050,60088
6796,24220,1136,61283,1133,23084,60150
6813,24231,1091,61328,1113,23140,60215
6829,24291,1133,61398,1120,23158,60278
6846,24320,1124,61443,1115,23196,60328
6863,24346,1102,61504,1118,23244,60386
6879,24377,1108,61549,1102,23269,60447
6896,24426,1125,61630,1126,23301,60504
6913,24445,1106,61662,1116,23339,60546
6929,24469,1107,61708,1098,23362,60610
6946,24518,1121,61772,1114,23397,60658
6963,24531,1105,61806,1110,23426,60696
6979,24568,1126,61863,1115,23442,60748
6996,24598,1129,61916,1126,23469,60790
7013,24606,1103,61936,1100,23503,60836
7029,24654,1125,62016,1111,23529,60905
7046,24681,1107,62066,1105,23574,60961
7063,24747,1102,62173,1112,23645,61061
7080,24812,1120,62278,1110,23692,61168
7095,24897,1131,62371,1123,23766,61248
7112,24945,1122,62508,1112,23823,61396
7129,25007,1125,62597,1111,23882,61486
7145,25037,1112,62620,1100,23925,61520
7162,25026,1126,62600,1111,23900,61489
7179,24864,1126,62344,1110,23738,61234
7195,24641,1130,61932,1114,23511,60818
7212,24373,1111,61463,1094,23262,60369
7229,24149,1112,61137,1101,23037,60036
7245,24014,1113,60891,1100,22901,59791
7262,23934,1101,60776,1083,22833,59693
7279,23913,1123,60765,1111,22790,59654
7295,23899,1096,60724,1092,22803,59632
7312,23928,1115,60805,1112,22813,59693
7329,23962,1105,60861,1094,22857,59767
7345,24012,1107,60964,1089,22905,59875
7362,24062,1087,61067,1078,22975,59989
7379,24149,1108,61173,1101,23041,60072
7395,24177,1106,61240,1089,23071,60151
7412,24170,1096,61246,1080,23074,60166
7429,24186,1095,61245,1087,23091,60158
7445,24190,1099,61250,1084,23091,60166
7462,24210,1109,61272,1096,23101,60176
7479,24221,1115,61300,1103,23106,60197
7495,24248,1114,61360,1085,23134,60275
7512,24265,1085,61383,1075,23180,60308
7529,24315,1104,61463,1092,23211,60371
7545,24343,1092,61526,1072,23251,60454
7562,24399,1100,61599,1082,23299,60517
7579,24452,1107,61692,1097,23345,60595
7595,24480,1089,61761,1057,23391,60704
7612,24551,1110,61854,1097,23441,60757
7629,24603,1107,61934,1090,23496,60844
7645,24616,1086,61995,1050,23530,60945
7662,24686,1100,62073,1079,23586,60994
7679,24740,1113,62165,1111,23627,61054
7695,24774,1117,62228,1078,23657,61150
7712,24805,1116,62274,1099,23689,61175
7729,24830,1116,62309,1093,23714,61216
7745,24840,1100,62343,1067,23740,61276
7762,24891,1117,62401,1098,23774,61303
7779,24909,1101,62440,1089,23808,61351
7795,24958,1123,62529,1087,23835,61442
7812,25009,1121,62603,1110,23888,61493
7829,25052,1114,62676,1101,23938,61575
7845,25099,1110,62782,1077,23989,61705
7862,25173,1123,62878,1100,24050,61778
7879,25234,1125,62971,1118,24109,61853
7895,25244,1125,62990,1094,24119,61896
7912,25219,1126,62929,1109,24093,61820
7929,25071,1124,62677,1116,23947,61561
7945,24825,1128,62223,1089,23697,61134
7962,24566,1130,61784,1115,23436,60669
7979,24330,1141,61434,1125,23189,60309
7995,24176,1132,61171,1105,23044,60066
8012,24088,1123,61038,1107,22965,59931
8029,24033,1099,60975,1085,22934,59890
8045,24019,1097,60994,1067,22922,59927
8062,24067,1114,61057,1103,22953,59954
8079,24117,1120,61129,1106,22997,60023
8096,24154,1108,61245,1079,23046,60166
8111,24236,1104,61337,1101,23132,60236
8128,24290,1107,61447,1094,23183,60353
8145,24318,1115,61499,1087,23203,60412
8161,24334,1095,61522,1090,23239,60432
8178,24340,1117,61522,1096,23223,60426
8195,24332,1125,61525,1098,23207,60427
8211,24348,1109,61525,1098,23239,60427
8228,24368,1118,61563,1108,23250,60455
8245,24342,1105,61573,1066,23237,60507
8261,24407,1108,61638,1096,23299,60542
8278,24458,1135,61719,1123,23323,60596
8295,24474,1112,61770,1094,23362,60676
8311,24509,1100,61813,1088,23409,60725
8328,24563,1112,61909,1112,23451,60797
8345,24583,1104,61976,1078,23479,60898
8361,24658,1101,62066,1087,23557,60979
8378,24714,1123,62156,1111,23591,61045
8395,24726,1097,62193,1079,23629,61114
8411,24796,1113,62284,1103,23683,61181
8428,24827,1110,62343,1101,23717,61242
8445,24832,1109,62390,1079,23723,61311
8461,24887,1100,62438,1089,23787,61349
8478,24911,1104,62493,1098,23807,61395
8495,24937,1109,62533,1090,23828,61443
8511,24982,1112,62585,1094,23870,61491
8528,25006,1110,62628,1092,23896,61536
8545,25026,1097,62688,1086,23929,61602
8561,25084,1092,62767,1079,23992,61688
8578,25135,1099,62869,1093,24036,61776
8595,25179,1082,62946,1075,24097,61871
8611,25265,1111,63068,1097,24154,61971
8628,25279,1078,63102,1072,24201,62030
8645,25274,1063,63121,1062,24211,62059
8661,25240,1112,62969,1102,24128,61867
8678,25004,1084,62569,1076,23920,61493
8695,24693,1085,62103,1088,23608,61015
8711,24436,1088,61617,1076,23348,60541
8728,24225,1083,61299,1079,23142,60220
8745,24078,1066,61098,1065,23012,60033
8761,24043,1091,61006,1084,22952,59922
8778,24005,1085,60979,1085,22920,59894
8795,23999,1076,60984,1073,22923,59911
8811,24029,1082,61020,1079,22947,59941
8828,24045,1080,61080,1076,22965,60004
8845,24085,1051,61163,1059,23034,60104
8861,24168,1083,61283,1071,23085,60212
8878,24202,1078,61348,1070,23124,60278
8895,24231,1064,61400,1063,23167,60337
8911,24247,1083,61408,1067,23164,60341
8928,24233,1063,61396,1062,23170,60334
8945,24227,1046,61402,1057,23181,60345
8961,24260,1085,61421,1072,23175,60349
8978,24261,1073,61449,1063,23188,60386
8995,24259,1034,61462,1040,23225,60422
9011,24310,1074,61527,1063,23236,60464
9028,24331,1057,61584,1047,23274,60537
9045,24373,1043,61649,1053,23330,60596
9061,24448,1076,61742,1070,23372,60672
9078,24485,1068,61825,1064,23417,60761
9095,24518,1044,61890,1050,23474,60840
9112,24552,1044,61960,1033,23508,60927
9127,24595,1037,62005,1024,23558,60981
9144,24639,1045,62103,1033,23594,61070
9161,24700,1055,62179,1044,23645,61135
9177,24729,1052,62246,1037,23677,61209
9194,24751,1042,62278,1035,23709,61243
9211,24782,1050,62324,1042,23732,61282
9227,24816,1054,62373,1048,23762,61325
9244,24832,1048,62401,1035,23784,61366
9261,24866,1053,62446,1046,23813,61400
9277,24893,1045,62491,1040,23848,61451
9294,24944,1070,62574,1053,23874,61521
9311,24991,1062,62649,1056,23929,61593
9327,25029,1057,62735,1044,23972,61691
9344,25092,1061,62827,1050,24031,61777
9361,25146,1065,62913,1049,24081,61864
9377,25191,1070,62993,1050,24121,61943
9394,25177,1070,62945,1059,24107,61886
9411,25026,1065,62693,1050,23961,61643
9427,24759,1054,62210,1039,23705,61171
9444,24465,1048,61713,1029,23417,60684
9461,24191,1045,61324,1041,23146,60283
9477,24022,1055,61012,1044,22967,59968
9494,23904,1050,60836,1037,22854,59799
9511,23833,1050,60735,1033,22783,59702
9527,23788,1036,60693,1019,22752,59674
9544,23805,1058,60712,1039,22747,59673
9561,23799,1047,60724,1037,22752,59687
9577,23826,1039,60765,1030,22787,59735
9594,23876,1043,60861,1029,22833,59832
9611,23935,1041,60961,1025,22894,59936
9627,23984,1034,61052,1018,22950,60034
9644,24029,1045,61110,1036,22984,60074
9661,24043,1056,61128,1040,22987,60088
9677,24038,1052,61126,1033,22986,60093
9694,24051,1056,61140,1042,22995,60098
9711,24034,1027,61130,1018,23007,60112
9727,24069,1044,61182,1031,23025,60151
9744,24085,1041,61217,1027,23044,60190
9761,24132,1046,61275,1035,23086,60240
9777,24165,1055,61358,1024,23110,60334
9794,24193,1040,61419,1033,23153,60386
9811,24243,1035,61483,1023,23208,60460
9827,24280,1031,61571,1003,23249,60568
9844,24359,1054,61665,1036,23305,60629
9861,24417,1063,61762,1053,23354,60709
9877,24456,1057,61827,1029,23399,60798
9894,24487,1054,61897,1045,23433,60852
9911,24528,1050,61947,1036,23478,60911
9927,24549,1037,62002,1006,23512,60996
9944,24582,1034,62052,1027,23548,61025
9961,24628,1058,62108,1044,23570,61064
9977,24644,1054,62154,1021,23590,61133
9994,24667,1047,62183,1027,23620,61156
10011,24708,1060,62238,1050,23648,61188
10027,24729,1048,62285,1026,23681,61259
10044,24790,1067,62372,1045,23723,61327
10061,24847,1076,62459,1063,23771,61396
10078,24891,1071,62551,1061,23820,61490
10094,24946,1065,62630,1056,23881,61574
10111,24987,1067,62704,1056,23920,61648
10128,25004,1062,62729,1047,23942,61682
10143,24999,1069,62700,1062,23930,61638
10160,24914,1074,62528,1057,23840,61471
10177,24652,1046,62136,1022,23606,61114
10193,24392,1060,61648,1044,23332,60604
10210,24146,1061,61254,1049,23085,60205
10227,23924,1049,60926,1015,22875,59911
10243,23817,1055,60744,1037,22762,59707
10260,23775,1066,60689,1052,22709,59637
10277,23748,1061,60650,1033,22687,59617
10293,23743,1047,60655,1039,22696,59616
10310,23757,1046,60719,1036,22711,59683
10327,23802,1046,60781,1017,22756,59764
10343,23873,1059,60912,1044,22814,59868
10360,23931,1064,61005,1049,22867,59956
10377,23957,1055,61051,1024,22902,60027
10393,23957,1033,61055,1020,22924,60035
10410,23959,1036,61063,1026,22923,60037
10427,23944,1034,61033,995,22910,60038
10443,23964,1035,61059,1025,22929,60034
10460,23993,1063,61101,1042,22930,60059
10477,23998,1057,61118,1027,22941,60091
10493,24024,1049,61167,1036,22975,60131
10510,24037,1034,61203,1023,23003,60180
10527,24057,1022,61265,1008,23035,60257
10543,24137,1053,61348,1040,23084,60308
10560,24182,1059,61429,1044,23123,60385
10577,24213,1054,61495,1024,23159,60471
10593,24262,1046,61566,1036,23216,60530
10610,24298,1045,61637,1034,23253,60603
10627,24322,1040,61691,1020,23282,60671
10643,24386,1052,61772,1042,23334,60730
10660,24418,1058,61843,1050,23360,60793
10677,24441,1058,61889,1032,23383,60857
10693,24471,1034,61925,1028,23437,60897
10710,24507,1044,61987,1033,23463,60954
10727,24507,1031,62021,1019,23476,61002
10743,24565,1039,62069,1026,23526,61043
10760,24601,1058,62134,1053,23543,61081
10777,24614,1059,62181,1035,23555,61146
10793,24661,1033,62238,1031,23628,61207
10810,24694,1035,62311,1029,23659,61282
10827,24734,1038,62383,1016,23696,61367
10843,24820,1055,62500,1044,23765,61456
10860,24868,1057,62588,1051,23811,61537
10877,24875,1048,62622,1026,23827,61596
10893,24887,1056,62595,1039,23831,61556
10910,24746,1045,62347,1038,23701,61309
10927,24445,1024,61905,1005,23421,60900
10943,24204,1050,61381,1036,23154,60345
10960,23950,1061,60977,1043,22889,59934
10977,23695,1027,60657,1018,22668,59639
10993,23611,1046,60457,1034,22565,59423
11010,23522,1044,60354,1034,22478,59320
11027,23467,1030,60298,1016,22437,59282
11043,23478,1050,60282,1034,22428,59248
11060,23475,1051,60284,1044,22424,59240
11077,23469,1039,60305,1027,22430,59278
11093,23507,1022,60374,1017,22485,59357
11110,23585,1043,60490,1035,22542,59455
11127,23606,1021,60549,1015,22585,59534
11144,23663,1049,60616,1038,22614,59578
11159,23672,1051,60637,1040,22621,59597
11176,23653,1026,60604,1006,22627,59598
11193,23672,1047,60625,1033,22625,59592
11209,23656,1023,60622,1013,22633,59609
11226,23689,1042,60665,1022,22647,59643
11243,23726,1053,60715,1037,22673,59678
11259,23744,1039,60761,1033,22705,59728
11276,23768,1023,60805,1006,22745,59799
11293,23817,1032,60880,1011,22785,59869
11309,23866,1034,60977,1029,22832,59948
11326,23919,1043,61049,1018,22876,60031
11343,23953,1033,61118,1020,22920,60098
11359,24005,1044,61219,1030,22961,60189
11376,24048,1037,61280,1031,23011,60249
11393,24089,1045,61329,1026,23044,60303
11409,24127,1039,61411,1030,23088,60381
11426,24162,1040,61464,1026,23122,60438
11443,24201,1036,61527,1038,23165,60489
11459,24234,1047,61586,1039,23187,60547
11476,24263,1046,61624,1030,23217,60594
11493,24294,1050,61670,1035,23244,60635
11509,24306,1034,61715,1023,23272,60692
11526,24342,1036,61758,1018,23306,60740
11543,24383,1036,61839,1035,23347,60804
11559,24436,1045,61923,1037,23391,60886
11576,24463,1024,61976,1015,23439,60961
11593,24539,1048,62082,1032,23491,61050
11609,24589,1038,62182,1025,23551,61157
11626,24635,1038,62247,1025,23597,61222
11643,24661,1050,62283,1034,23611,61249
11659,24619,1042,62190,1038,23577,61152
11676,24462,1044,61909,1032,23418,60877
11693,24164,1038,61456,1020,23126,60436
11709,23884,1021,60938,1012,22863,59926
11726,23676,1040,60604,1029,22636,59575
11743,23500,1036,60353,1026,22464,59327
11759,23394,1027,60176,1016,22367,59160
11776,23332,1025,60093,1011,22307,59082
11793,23326,1041,60079,1029,22285,59050
11809,23316,1029,60082,1020,22287,59062
11826,23326,1023,60106,1016,22303,59090
11843,23370,1030,60178,1018,22340,59160
11859,23419,1025,60286,1019,22394,59267
11876,23494,1043,60390,1023,22451,59367
11893,23539,1042,60461,1030,22497,59431
11909,23540,1022,60476,1014,22518,59462
11926,23532,1027,60488,1009,22505,59479
11943,23570,1047,60506,1037,22523,59469
11959,23551,1022,60489,1018,22529,59471
11976,23555,1034,60512,1016,22521,59496
11993,23582,1033,60537,1020,22549,59517
12009,23586,1024,60568,1011,22562,59557
12026,23612,1026,60602,1011,22586,59591
12043,23643,1026,60643,1013,22617,59630
12059,23666,1032,60692,1022,22634,59670
12076,23679,1015,60728,1005,22664,59723
12093,23722,1035,60788,1022,22687,59766
12109,23727,1011,60812,1007,22716,59805
12126,23753,1016,60870,996,22737,59874
12143,23811,1041,60941,1023,22770,59918
12160,23832,1022,60975,1010,22810,59965
12175,23868,1031,61038,1019,22837,60019
12192,23891,1027,61086,1021,22864,60065
12209,23931,1026,61117,1009,22905,60108
12225,23960,1029,61189,1017,22931,60172
12242,23999,1033,61252,1016,22966,60236
12259,24047,1047,61300,1026,23000,60274
12275,24070,1036,61377,1023,23034,60354
12292,24094,1015,61421,1005,23079,60416
12309,24158,1034,61493,1009,23124,60484
12325,24202,1028,61598,1019,23174,60579
12342,24279,1047,61730,1037,23232,60693
12359,24346,1047,61804,1021,23299,60783
12375,24395,1033,61927,1022,23362,60905
12392,24455,1036,62014,1023,23419,60991
12409,24478,1022,62044,1003,23456,61041
12425,24464,1039,61995,1033,23425,60962
12442,24325,1047,61739,1033,23278,60706
12459,24026,1026,61288,992,23000,60296
12475,23790,1036,60833,1021,22754,59812
12492,23570,1029,60492,1018,22541,59474
12509,23409,1028,60249,997,22381,59252
12525,23335,1034,60124,1024,22301,59100
12542,23293,1039,60085,1028,22254,59057
12559,23282,1031,60046,993,22251,59053
12575,23284,1025,60086,1019,22259,59067
12592,23310,1021,60142,1010,22289,59132
12609,23356,1023,60208,984,22333,59224
12625,23438,1028,60359,1027,22410,59332
12642,23505,1043,60467,1031,22462,59436
12659,23538,1043,60514,1002,22495,59512
12675,23541,1016,60536,1001,22525,59535
12692,23560,1033,60566,1019,22527,59547
12709,23534,1001,60535,971,22533,59564
12725,23579,1036,60600,1020,22543,59580
12742,23592,1029,60630,1015,22563,59615
12759,23620,1028,60655,992,22592,59663
12775,23661,1029,60737,1021,22632,59716
12792,23688,1021,60791,1015,22667,59776
12809,23718,1010,60845,974,22708,59871
12825,23796,1030,60963,1016,22766,59947
12842,23848,1032,61042,1021,22816,60021
12859,23887,1034,61111,1000,22853,60111
12875,23949,1037,61223,1029,22912,60194
12892,23988,1020,61287,1014,22968,60273
12909,24000,999,61334,975,23001,60359
12925,24089,1035,61442,1021,23054,60421
12942,24135,1045,61520,1037,23090,60483
12959,24134,1025,61558,995,23109,60563
12975,24184,1018,61618,1004,23166,60614
12992,24236,1040,61692,1026,23196,60666
13009,24244,1034,61726,1002,23210,60724
13025,24300,1051,61796,1031,23249,60765
13042,24342,1049,61850,1042,23293,60808
13059,24349,1046,61896,1014,23303,60882
13075,24397,1042,61974,1036,23355,60938
13092,24447,1036,62041,1025,23411,61016
13109,24481,1036,62137,1013,23445,61124
13126,24574,1042,62246,1018,23532,61228
13142,24612,1037,62326,1021,23575,61305
13159,24619,1026,62374,996,23593,61378
13176,24667,1042,62403,1029,23625,61374
13191,24597,1013,62289,1005,23584,61284
13208,24470,1025,62034,988,23445,61046
13225,24213,1028,61658,1020,23185,60638
13241,23962,1034,61187,1009,22928,60178
13258,23758,1028,60861,1008,22730,59853
13275,23610,1028,60641,1016,22582,59625
13291,23540,1028,60537,1016,22512,59521
13308,23519,1028,60506,1008,22491,59498
13325,23516,1021,60528,1009,22495,59519
13341,23549,1022,60599,1007,22527,59592
13358,23603,1025,60677,998,22578,59679
13375,23684,1035,60808,1024,22649,59784
13391,23740,1034,60919,1019,22706,59900
13408,23788,1024,60981,995,22764,59986
13425,23810,1020,61033,1014,22790,60019
13441,23810,1025,61033,1017,22785,60016
13458,23824,1039,61045,1019,22785,60026
13475,23824,1039,61042,1023,22785,60019
13491,23819,1031,61056,1013,22788,60043
13508,23856,1033,61095,1015,22823,60080
13525,23879,1033,61144,1025,22846,60119
13541,23902,1018,61198,1022,22884,60176
13558,23958,1042,61275,1029,22916,60246
13575,23998,1036,61329,1028,22962,60301
13591,24012,1014,61390,1008,22998,60382
13608,24082,1042,61474,1021,23040,60453
13625,24119,1031,61543,1023,23088,60520
13641,24180,1052,61644,1045,23128,60599
13658,24202,1037,61697,1028,23165,60669
13675,24236,1021,61752,1016,23215,60736
13691,24285,1035,61828,1024,23250,60804
13708,24312,1042,61890,1029,23270,60861
13725,24352,1021,61944,1021,23331,60923
13741,24396,1035,62009,1029,23361,60980
13758,24402,1029,62040,1010,23373,61030
13775,24442,1035,62088,1021,23407,61067
13791,24467,1024,62130,1015,23443,61115
13808,24489,1035,62179,1016,23454,61163
13825,24545,1032,62245,1030,23513,61215
13841,24586,1035,62325,1034,23551,61291
13858,24633,1038,62405,1025,23595,61380
13875,24683,1039,62480,1021,23644,61459
13891,24726,1021,62570,1020,23705,61550
13908,24787,1035,62681,1022,23752,61659
13925,24836,1036,62739,1021,23800,61718
13941,24836,1034,62737,1028,23802,61709
13958,24718,1024,62565,1010,23694,61555
13975,24526,1030,62210,1022,23496,61188
13991,24240,1023,61673,1018,23217,60655
14008,23945,1037,61264,1020,22908,60244
14025,23784,1043,60971,1036,22741,59935
14041,23651,1023,60752,1020,22628,59732
14058,23596,1039,60685,1024,22557,59661
14075,23559,1017,60649,1003,22542,59646
14091,23582,1027,60686,1019,22555,59667
14108,23591,1012,60714,998,22579,59716
14125,23656,1034,60816,1026,22622,59790
14141,23714,1036,60920,1026,22678,59894
14158,23764,1034,61016,1027,22730,59989
14175,23803,1031,61074,1012,22772,60062
14192,23818,1024,61105,1022,22794,60083
14207,23835,1031,61118,1019,22804,60099
14224,23837,1036,61107,1016,22801,60091
14241,23842,1036,61100,1026,22806,60074
14257,23829,1015,61120,1014,22814,60106
14274,23861,1032,61172,1024,22829,60148
14291,23878,1023,61183,1004,22855,60179
14307,23901,1014,61257,1005,22887,60252
14324,23957,1023,61325,1009,22934,60316
14341,24012,1039,61393,1016,22973,60377
14357,24041,1028,61494,1015,23013,60479
14374,24094,1031,61570,1027,23063,60543
14391,24139,1022,61628,1000,23117,60628
14407,24184,1024,61726,1014,23160,60712
14424,24258,1047,61823,1037,23211,60786
14441,24273,1019,61855,997,23254,60858
14457,24332,1044,61962,1037,23288,60925
14474,24349,1022,61992,1009,23327,60983
14491,24379,1013,62034,983,23366,61051
14507,24447,1041,62145,1025,23406,61120
14524,24481,1048,62203,1033,23433,61170
14541,24489,1035,62212,991,23454,61221
14557,24525,1031,62289,1024,23494,61265
14574,24540,1011,62323,1001,23529,61322
14591,24584,1017,62364,980,23567,61384
14607,24646,1035,62482,1024,23611,61458
14624,24709,1048,62574,1037,23661,61537
14641,24762,1037,62644,1001,23725,61643
14657,24814,1033,62767,1027,23781,61740
14674,24864,1024,62846,1017,23840,61829
14691,24881,1013,62874,978,23868,61896
14707,24863,1030,62827,1014,23833,61813
14724,24679,1033,62529,1014,23646,61515
14741,24392,1025,62044,996,23367,61048
14757,24106,1031,61509,1021,23075,60488
14774,23833,1022,61109,1014,22811,60095
14791,23655,1016,60829,980,22639,59849
14807,23589,1033,60698,1018,22556,59680
14824,23529,1025,60633,1009,22504,59624
14841,23490,1012,60602,984,22478,59618
14857,23519,1028,60640,1017,22491,59623
14874,23536,1021,60669,1009,22515,59660
14891,23538,1008,60710,970,22530,59740
14907,23639,1030,60852,1013,22609,59839
14924,23700,1035,60945,1023,22665,59922
14941,23716,1021,61013,997,22695,60016
14957,23757,1023,61054,1021,22734,60033
14974,23748,1003,61042,993,22745,60049
14991,23743,1020,61061,996,22723,60065
15007,23775,1032,61076,1017,22743,60059
15024,23781,1017,61097,1012,22764,60085
15041,23778,1027,61125,991,22751,60134
15057,23841,1032,61197,1021,22809,60176
15074,23857,1006,61227,996,22851,60231
15091,23878,1005,61301,983,22873,60318
15107,23965,1024,61405,1011,22941,60394
15124,24028,1021,61499,1020,23007,60479
15141,24055,1034,61582,1015,23021,60567
15157,24111,1018,61667,1009,23093,60658
15174,24179,1025,61759,1015,23154,60744
15191,24195,1018,61829,1003,23177,60826
15208,24270,1029,61907,1009,23241,60898
15223,24300,1027,61984,1011,23273,60973
15240,24349,1031,62051,1015,23318,61036
15257,24388,1027,62103,1014,23361,61089
15273,24397,1005,62152,992,23392,61160
15290,24455,1025,62216,998,23430,61218
15307,24501,1034,62281,1026,23467,61255
15323,24524,1031,62336,1019,23493,61317
15340,24551,1016,62376,993,23535,61383
15357,24610,1031,62460,1016,23579,61444
15373,24631,1006,62534,991,23625,61543
15390,24713,1026,62642,999,23687,61643
15407,24785,1035,62765,1025,23750,61740
15423,24852,1035,62882,1030,23817,61852
15440,24902,1033,62958,1013,23869,61945
15457,24921,1025,62992,1020,23896,61972
15473,24860,1025,62857,1017,23835,61840
15490,24666,1023,62501,1005,23643,61496
15507,24366,1027,62049,1021,23339,61028
15523,24099,1030,61548,1029,23069,60519
15540,23833,1006,61186,993,22827,60193
15557,23717,1010,60968,988,22707,59980
15573,23644,997,60879,996,22647,59883
15590,23624,1022,60866,1002,22602,59864
15607,23663,1021,60898,1014,22642,59884
15623,23663,1006,60939,1006,22657,59933
15640,23701,1018,61021,1003,22683,60018
15657,23786,1032,61120,1018,22754,60102
15673,23838,1015,61239,1012,22823,60227
15690,23871,1010,61314,991,22861,60323
15707,23949,1029,61399,1022,22920,60377
15723,23949,1029,61413,1023,22920,60390
15740,23938,1018,61395,1009,22920,60386
15757,23944,1022,61404,1012,22922,60392
15773,23958,1020,61418,1008,22938,60410
15790,23949,1007,61438,994,22942,60444
15807,24019,1032,61514,1029,22987,60485
15823,24036,1026,61565,1019,23010,60546
15840,24079,1030,61634,1021,23049,60613
15857,24118,1015,61687,1005,23103,60682
15873,24144,997,61761,996,23147,60765
15890,24220,1029,61872,1016,23191,60856
15907,24271,1014,61953,1007,23257,60946
15923,24338,1032,62060,1028,23306,61032
15940,24365,1024,62117,1006,23341,61111
15957,24427,1028,62201,1015,23399,61186
15973,24466,1015,62268,1014,23451,61254
15990,24512,1036,62344,1019,23476,61325
16007,24561,1031,62410,1023,23530,61387
16023,24584,1018,62463,1013,23566,61450
16040,24623,1031,62527,1018,23592,61509
16057,24658,1030,62569,1020,23628,61549
16073,24678,1021,62609,1008,23657,61601
16090,24709,1034,62674,1019,23675,61655
16107,24760,1038,62726,1023,23722,61703
16123,24786,1019,62797,1013,23767,61784
16140,24855,1035,62897,1032,23820,61865
16157,24909,1032,62987,1024,23877,61963
16173,24954,1017,63076,1009,23937,62067
16190,25009,1031,63165,1018,23978,62147
16207,25049,1033,63210,1029,24016,62181
16224,25032,1036,63176,1027,23996,62149
16239,24916,1031,62953,1025,23885,61928
16256,24696,1035,62579,1017,23661,61562
16273,24392,1021,62093,1009,23371,61084
16289,24165,1027,61694,1023,23138,60671
16306,24005,1029,61444,1016,22976,60428
16323,23902,1019,61293,995,22883,60298
16339,23867,1013,61284,996,22854,60288
16356,23881,1018,61324,1013,22863,60311
16373,23923,1011,61373,983,22912,60390
16389,23994,1027,61509,1015,22967,60494
16406,24049,1022,61613,1009,23027,60604
16423,24133,1040,61723,1006,23093,60717
16439,24172,1033,61820,1018,23139,60802
16456,24197,1028,61852,1015,23169,60837
16473,24172,1004,61809,971,23168,60838
16489,24199,1033,61833,1017,23166,60816
16506,24194,1041,61836,1024,23153,60812
16523,24187,1026,61814,995,23161,60819
16539,24210,1030,61864,1020,23180,60844
16556,24228,1019,61897,1013,23209,60884
16573,24255,1017,61933,987,23238,60946
16589,24297,1028,62012,1014,23269,60998
16606,24321,1020,62066,1007,23301,61059
16623,24379,1028,62136,993,23351,61143
16639,24415,1029,62226,1011,23386,61215
16656,24441,1003,62279,988,23438,61291
16673,24507,1021,62355,979,23486,61376
16689,24546,1011,62438,992,23535,61446
16706,24617,1033,62538,1025,23584,61513
16723,24649,1030,62585,988,23619,61597
16739,24663,999,62646,990,23664,61656
16756,24724,1021,62722,1006,23703,61716
16773,24728,1010,62748,976,23718,61772
16789,24770,1015,62795,988,23755,61807
16806,24817,1038,62863,1023,23779,61840
16823,24813,1015,62873,984,23798,61889
16839,24858,1026,62944,1019,23832,61925
16856,24892,1023,62995,1007,23869,61988
16873,24913,1013,63048,983,23900,62065
16889,24990,1033,63161,1017,23957,62144
16906,25030,1028,63240,1008,24002,62232
16923,25083,1030,63338,1003,24053,62335
16939,25129,1007,63401,991,24122,62410
16956,25160,1019,63446,1010,24141,62436
16973,25053,1008,63297,986,24045,62311
16989,24869,1027,62886,1016,23842,61870
17006,24545,1036,62392,1024,23509,61368
17023,24239,1028,61913,998,23211,60915
17039,24047,1022,61541,1017,23025,60524
17056,23903,1015,61336,1005,22888,60331
17073,23808,1009,61234,985,22799,60249
17089,23819,1020,61217,1005,22799,60212
17106,23824,1030,61239,1015,22794,60224
17123,23808,1018,61273,988,22790,60285
17139,23864,1015,61334,1003,22849,60331
17156,23915,1011,61406,1005,22904,60401
17173,23944,1008,61514,991,22936,60523
17189,24006,1007,61576,990,22999,60586
17206,24048,1017,61632,1017,23031,60615
17223,24017,1008,61625,987,23009,60638
17240,24051,1019,61632,1009,23032,60623
17255,24041,1014,61626,1010,23027,60616
17272,24040,1012,61623,983,23028,60640
17289,24074,1021,61666,1016,23053,60650
17305,24083,1013,61698,1005,23070,60693
17322,24116,1032,61759,1010,23084,60749
17339,24154,1015,61804,1003,23139,60801
17355,24197,1011,61889,1005,23186,60884
17372,24229,1025,61970,1004,23204,60966
17389,24313,1032,62058,1018,23281,61040
17405,24346,1021,62141,1013,23325,61128
17422,24369,1017,62202,993,23352,61209
17439,24450,1025,62282,1012,23425,61270
17455,24466,1003,62347,1002,23463,61345
17472,24495,1013,62418,988,23482,61430
17489,24583,1035,62505,1021,23548,61484
17505,24598,1014,62554,1012,23584,61542
17522,24628,1026,62607,1007,23602,61600
17539,24675,1026,62645,1017,23649,61628
17555,24671,1003,62669,996,23668,61673
17572,24700,1028,62725,1002,23672,61723
17589,24755,1027,62781,1016,23728,61765
17605,24799,1032,62866,1030,23767,61836
17622,24827,1031,62931,1015,23796,61916
17639,24886,1016,63008,1012,23870,61996
17655,24936,1014,63093,993,23922,62100
17672,24987,1014,63195,1000,23973,62195
17689,25035,1017,63260,1011,24018,62249
17705,25055,1037,63258,1030,24018,62228
17722,24903,1030,63046,1017,23873,62029
17739,24674,1029,62634,1014,23645,61620
17755,24367,1003,62075,996,23364,61079
17772,24085,1022,61673,1009,23063,60664
17789,23911,1011,61378,998,22900,60380
17805,23829,1026,61216,1023,22803,60193
17822,23754,1010,61128,1005,22744,60123
17839,23752,1024,61131,1010,22728,60121
17855,23764,1021,61156,1016,22743,60140
17872,23759,1002,61179,992,22757,60187
17889,23840,1037,61289,1020,22803,60269
17905,23876,1019,61377,1020,22857,60357
17922,23938,1029,61478,1017,22909,60461
17939,23969,1012,61517,1001,22957,60516
17955,23990,1015,61554,1007,22975,60547
17972,23982,1029,61552,1010,22953,60542
17989,23989,1008,61540,1003,22981,60537
18005,23992,1011,61545,1008,22981,60537
18022,24000,1017,61572,1010,22983,60562
18039,24021,1026,61613,1016,22995,60597
18055,24049,1017,61647,1012,23032,60635
18072,24069,1012,61695,1002,23057,60693
18089,24124,1019,61767,1002,23105,60765
18105,24164,1018,61845,1002,23146,60843
18122,24203,1011,61917,999,23192,60918
18139,24252,1010,61999,997,23242,61002
18155,24295,1010,62064,997,23285,61067
18172,24336,1023,62152,1003,23313,61149
18189,24394,1021,62223,1011,23373,61212
18206,24428,1016,62283,1010,23412,61273
18222,24480,1020,62354,1019,23460,61335
18239,24509,1021,62404,1015,23488,61389
18256,24533,1021,62449,1016,23512,61433
18271,24574,1032,62510,1017,23542,61493
18288,24611,1043,62558,1028,23568,61530
18305,24609,1020,62548,999,23589,61549
18321,24644,1020,62631,1016,23624,61615
18338,24680,1021,62682,1009,23659,61673
18355,24723,1021,62725,1013,23702,61712
18371,24784,1038,62848,1023,23746,61825
18388,24843,1044,62938,1032,23799,61906
18405,24897,1038,63005,1024,23859,61981
18421,24942,1036,63125,1027,23906,62098
18438,24974,1033,63166,1023,23941,62143
18455,24933,1005,63092,993,23928,62099
18471,24830,1036,62875,1019,23794,61856
18488,24551,1026,62454,1015,23525,61439
18505,24290,1033,61990,1009,23257,60981
18521,24050,1033,61576,1024,23017,60552
18538,23870,1030,61311,1016,22840,60295
18555,23762,1010,61138,986,22752,60152
18571,23744,1028,61113,1008,22716,60105
18588,23751,1042,61146,1028,22709,60118
18605,23773,1027,61156,1002,22746,60154
18621,23786,1017,61239,1014,22769,60225
18638,23836,1012,61302,999,22824,60303
18655,23898,1017,61388,980,22881,60408
18671,23956,1027,61515,1018,22929,60497
18688,23985,1021,61556,1007,22964,60549
18705,24003,1038,61568,998,22965,60570
18721,23985,1023,61561,1008,22962,60553
18738,23998,1029,61562,1014,22969,60548
18755,23966,996,61535,962,22970,60573
18771,24013,1027,61599,1013,22986,60586
18788,24040,1032,61650,1021,23008,60629
18805,24061,1023,61661,987,23038,60674
18821,24081,1009,61729,997,23072,60732
18838,24142,1026,61811,1017,23116,60794
18855,24168,1022,61853,988,23146,60865
18871,24230,1031,61961,1014,23199,60947
18888,24265,1019,62025,1012,23246,61013
18905,24322,1036,62127,1002,23286,61125
18921,24342,1008,62167,1001,23334,61166
18938,24403,1031,62254,1012,23372,61242
18955,24437,1034,62317,997,23403,61320
18971,24468,1023,62369,1009,23445,61360
18988,24530,1045,62445,1029,23485,61416
19005,24534,1031,62488,991,23503,61497
19021,24571,1025,62520,1017,23546,61503
19038,24589,1014,62545,1009,23575,61536
19055,24605,1028,62604,996,23577,61608
19071,24632,1012,62631,998,23620,61633
19088,24696,1036,62711,1027,23660,61684
19105,24717,1036,62787,1006,23681,61781
19121,24765,1020,62834,1003,23745,61831
19138,24819,1026,62934,1008,23793,61926
19155,24859,1025,63036,996,23834,62040
19171,24931,1040,63110,1023,23891,62087
19188,24962,1049,63156,1035,23913,62121
19205,24919,1039,63101,1012,23880,62089
19221,24824,1029,62885,1017,23795,61868
19238,24585,1030,62528,1018,23555,61510
19255,24277,996,62014,973,23281,61041
19272,24109,1033,61680,1011,23076,60669
19287,23955,1034,61452,1022,22921,60430
19304,23836,1034,61318,1006,22802,60312
19321,23833,1027,61280,1016,22806,60264
19337,23839,1025,61311,1016,22814,60295
19354,23852,1026,61371,997,22826,60374
19371,23939,1036,61479,1026,22903,60453
19387,23996,1034,61608,1026,22962,60582
19404,24047,1025,61707,999,23022,60708
19421,24118,1026,61787,1013,23092,60774
19437,24133,1024,61825,1011,23109,60814
19454,24111,1027,61814,1001,23084,60813
19471,24131,1031,61814,1024,23100,60790
19487,24127,1032,61798,1018,23095,60780
19504,24091,1009,61781,987,23082,60794
19521,24147,1028,61826,1018,23119,60808
19537,24140,1004,61851,999,23136,60852
19554,24180,1027,61918,1007,23153,60911
19571,24217,1004,61965,1004,23213,60961
19587,24268,1026,62048,1021,23242,61027
19604,24281,1017,62094,992,23264,61102
19621,24356,1026,62181,1013,23330,61168
19637,24392,1020,62259,1014,23372,61245
19654,24416,1008,62317,997,23408,61320
19671,24477,1017,62385,1006,23460,61379
19687,24527,1031,62466,1018,23496,61448
19704,24548,1034,62519,1013,23514,61506
19721,24588,1021,62560,1010,23567,61550
19737,24607,1011,62610,997,23596,61613
19754,24632,1029,62663,1007,23603,61656
19771,24674,1026,62692,1013,23648,61679
19787,24695,1031,62739,1022,23664,61717
19804,24704,1028,62766,1012,23676,61754
19821,24725,1010,62793,1004,23715,61789
19837,24763,1023,62858,1014,23740,61844
19854,24762,1001,62886,987,23761,61899
19871,24848,1026,62980,1019,23822,61961
19887,24889,1029,63055,1026,23860,62029
19904,24877,1015,63079,993,23862,62086
19921,24927,1031,63117,1018,23896,62099
19937,24882,1022,63039,1010,23860,62029
19954,24700,1012,62784,990,23688,61794
19971,24509,1035,62356,1021,23474,61335
19987,24230,1026,61901,1019,23204,60882
20004,23961,1006,61511,1015,22955,60496
20021,23803,1026,61226,1016,22777,60210
20037,23689,1010,61072,1008,22679,60064
20054,23631,999,61011,1012,22632,59999
20071,23642,1034,60999,1020,22608,59979
20087,23642,1025,61014,1018,22617,59996
20104,23654,1011,61052,1016,22643,60036
20121,23681,1014,61121,1001,22667,60120
20137,23714,999,61186,999,22715,60187
20154,23764,985,61269,1003,22779,60266
20171,23810,1033,61312,1019,22777,60293
20187,23808,1031,61323,1017,22777,60306
20204,23782,1002,61280,1003,22780,60277
20221,23780,1013,61268,1003,22767,60265
20237,23788,1018,61276,1010,22770,60266
20254,23796,1010,61306,1014,22786,60292
20271,23807,1015,61322,999,22792,60323
20288,23847,1026,61382,1020,22821,60362
20303,23843,1004,61407,997,22839,60410
20320,23903,1021,61475,1012,22882,60463
20337,23911,1001,61488,992,22910,60496
20353,23985,1024,61603,1012,22961,60591
20370,24020,1023,61666,1014,22997,60652
20387,24066,1029,61721,1017,23037,60704
20403,24094,1024,61805,1012,23070,60793
20420,24122,1011,61840,999,23111,60841
20437,24155,1017,61884,1002,23138,60882
20453,24195,1019,61968,1008,23176,60960
20470,24219,1019,62016,1003,23200,61013
20487,24248,1018,62035,1003,23230,61032
20503,24278,1022,62110,1011,23256,61099
20520,24291,1004,62127,992,23287,61135
20537,24314,1007,62160,985,23307,61175
20553,24357,1018,62236,1004,23339,61232
20570,24402,1028,62299,1013,23374,61286
20587,24436,1022,62335,1000,23414,61335
20603,24475,1012,62434,1001,23463,61433
20620,24497,989,62484,980,23508,61504
20637,24555,1009,62554,980,23546,61574
20653,24582,1001,62602,983,23581,61619
20670,24548,1025,62549,1009,23523,61540
20687,24373,1014,62206,986,23359,61220
20703,24106,1009,61744,992,23097,60752
20720,23800,1008,61294,997,22792,60297
20737,23578,1003,60882,978,22575,59904
20753,23430,1016,60658,1001,22414,59657
20770,23335,1017,60530,1010,22318,59520
20787,23273,1016,60440,974,22257,59466
20803,23241,1005,60400,999,22236,59401
20820,23224,986,60378,979,22238,59399
20837,23233,995,60403,971,22238,59432
20853,23289,1023,60486,1005,22266,59481
20870,23343,1022,60566,1017,22321,59549
20887,23379,1021,60659,981,22358,59678
20903,23398,1010,60696,1005,22388,59691
20920,23411,1005,60714,995,22406,59719
20937,23416,1016,60711,986,22400,59725
20953,23427,1024,60717,1013,22403,59704
20970,23435,1025,60727,1020,22410,59707
20987,23437,1027,60745,993,22410,59752
21003,23463,1025,60785,1013,22438,59772
21020,23489,1021,60826,1008,22468,59818
21037,23495,997,60864,978,22498,59886
21053,23560,1018,60941,1004,22542,59937
21070,23618,1030,61031,1021,22588,60010
21087,23640,1025,61109,995,22615,60114
21103,23686,1019,61173,1007,22667,60166
21120,23716,1003,61225,984,22713,60241
21137,23750,1004,61309,974,22746,60335
21153,23824,1028,61396,1008,22796,60388
21170,23863,1024,61459,1013,22839,60446
21187,23888,1029,61522,1000,22859,60522
21203,23932,1019,61571,1011,22913,60560
21220,23967,1020,61610,1009,22947,60601
21237,23966,1015,61653,992,22951,60661
21253,24026,1024,61708,1008,23002,60700
21270,24063,1029,61771,1019,23034,60752
21287,24083,1031,61843,1008,23052,60835
21304,24139,1017,61904,1012,23122,60892
21319,24173,1021,61980,1010,23152,60970
21336,24210,1013,62057,990,23197,61067
21353,24287,1013,62149,1000,23274,61149
21369,24328,1024,62225,1014,23304,61211
21386,24336,1010,62247,997,23326,61250
21403,24309,1012,62186,993,23297,61193
21419,24182,1016,61928,998,23166,60930
21436,23908,1022,61534,995,22886,60539
21453,23686,1028,61123,1019,22658,60104
21469,23469,1028,60741,1017,22441,59724
21486,23286,1004,60494,998,22282,59496
21503,23219,1011,60362,996,22208,59366
21519,23159,992,60298,990,22167,59308
21536,23162,1015,60314,997,22147,59317
21553,23180,1001,60343,996,22179,59347
21569,23225,1015,60418,1008,22210,59410
21586,23269,1019,60500,999,22250,59501
21603,23313,1001,60580,992,22312,59588
21619,23365,1014,60665,1003,22351,59662
21636,23362,992,60683,978,22370,59705
21653,23405,1008,60709,1008,22397,59701
21669,23423,1030,60741,1017,22393,59724
21686,23407,1009,60732,998,22398,59734
21703,23423,1000,60748,984,22423,59764
21719,23458,1017,60803,1006,22441,59797
21736,23454,1003,60842,984,22451,59858
21753,23539,1020,60933,1015,22519,59918
21769,23578,1018,60997,998,22560,59999
21786,23623,1021,61082,1005,22602,60077
21803,23674,1018,61165,1006,22656,60159
21819,23714,1003,61238,997,22711,60241
21836,23768,997,61326,1000,22771,60326
21853,23826,1014,61404,1003,22812,60401
21869,23882,1020,61513,1018,22862,60495
21886,23925,1010,61575,1013,22915,60562
21903,23950,1007,61631,989,22943,60642
21919,24003,1013,61703,1003,22990,60700
21936,24012,972,61734,984,23040,60750
21953,24082,1018,61805,1021,23064,60784
21969,24107,1019,61864,1015,23088,60849
21986,24125,995,61915,1007,23130,60908
22003,24167,1020,61966,1008,23147,60958
22019,24177,990,62004,992,23187,61012
22036,24228,981,62081,996,23247,61085
22053,24306,1024,62183,1015,23282,61168
22069,24342,1008,62262,998,23334,61264
22086,24409,1000,62362,1012,23409,61350
22103,24436,1008,62419,996,23428,61423
22119,24468,1013,62468,1009,23455,61459
22136,24445,1003,62435,1009,23442,61426
22153,24359,1026,62222,1017,23333,61205
22169,24159,1024,61881,1021,23135,60860
22186,23870,979,61477,989,22891,60488
22203,23677,998,61103,985,22679,60118
22219,23543,999,60897,992,22544,59905
22236,23468,993,60808,996,22475,59812
22253,23479,1022,60789,1017,22457,59772
22269,23482,1022,60832,1014,22460,59818
22286,23517,1000,60900,1008,22517,59892
22303,23561,1002,60997,986,22559,60011
22320,23640,1006,61124,1005,22634,60119
22335,23708,1016,61228,999,22692,60229
22352,23752,1012,61295,999,22740,60296
22369,23794,1026,61329,1013,22768,60316
22385,23790,1021,61343,1010,22769,60333
22402,23766,997,61319,992,22769,60327
22419,23786,1016,61316,1003,22770,60313
22435,23802,1019,61369,1006,22783,60363
22452,23835,1024,61417,1013,22811,60404
22469,23837,1002,61446,988,22835,60458
22485,23889,1020,61523,1011,22869,60512
22502,23908,997,61558,987,22911,60571
22519,23965,1012,61646,1001,22953,60645
22535,23993,997,61699,981,22996,60718
22552,24065,1028,61799,1015,23037,60784
22569,24116,1033,61894,1015,23083,60879
22585,24148,1025,61960,1016,23123,60944
22602,24200,1025,62027,1010,23175,61017
22619,24227,1014,62094,1000,23213,61094
22635,24275,1024,62157,1008,23251,61149
22652,24308,1026,62208,1016,23282,61192
22669,24332,1020,62255,1005,23312,61250
22685,24352,1024,62290,1009,23328,61281
22702,24358,1012,62301,999,23346,61302
22719,24376,1001,62335,984,23375,61351
22735,24413,1012,62391,1001,23401,61390
22752,24465,1028,62468,1030,23437,61438
22769,24493,1018,62526,995,23475,61531
22785,24528,1003,62595,994,23525,61601
22802,24601,1029,62697,1013,23572,61684
22819,24645,1022,62772,999,23623,61773
22835,24670,1010,62819,998,23660,61821
22852,24712,1030,62867,1022,23682,61845
22869,24682,1020,62805,995,23662,61810
22885,24598,1029,62652,1020,23569,61632
22902,24380,1004,62322,990,23376,61332
22919,24187,1021,61939,991,23166,60948
22935,24000,1022,61633,1008,22978,60625
22952,23864,1029,61448,1024,22835,60424
22969,23784,1008,61333,977,22776,60356
22985,23796,1027,61355,1015,22769,60340
23002,23826,1026,61409,1012,22800,60397
23019,23874,1028,61515,989,22846,60526
23035,23958,1028,61642,1014,22930,60628
23052,24029,1021,61767,1008,23008,60759
23069,24096,1029,61885,994,23067,60891
23085,24113,1015,61928,1005,23098,60923
23102,24127,1021,61930,1010,23106,60920
23119,24104,1014,61896,975,23090,60921
23135,24111,1029,61882,1012,23082,60870
23152,24104,1020,61876,1011,23084,60865
23169,24125,1034,61923,999,23091,60924
23185,24129,1019,61940,1008,23110,60932
23202,24148,1006,61975,999,23142,60976
23219,24192,1019,62046,992,23173,61054
23235,24234,1020,62096,1000,23214,61096
23252,24285,1033,62187,1024,23252,61163
23269,24314,1033,62248,998,23281,61250
23285,24349,1017,62296,1009,23332,61287
23302,24382,1023,62354,1003,23359,61351
23319,24403,1001,62420,971,23402,61449
23336,24460,1019,62478,995,23441,61483
23351,24507,1036,62548,1017,23471,61531
23368,24534,1030,62594,1000,23504,61594
23385,24566,1033,62654,1021,23533,61633
23401,24575,1023,62671,1014,23552,61657
23418,24582,1013,62689,981,23569,61708
23435,24608,1014,62734,997,23594,61737
23451,24654,1038,62798,1023,23616,61775
23468,24669,1019,62821,990,23650,61831
23485,24711,1018,62891,1012,23693,61879
23501,24745,1021,62964,1009,23724,61955
23518,24769,1003,63008,969,23766,62039
23535,24853,1026,63132,1016,23827,62116
23551,24891,1028,63189,1018,23863,62171
23568,24882,1014,63193,987,23868,62206
23585,24843,1008,63095,995,23835,62100
23601,24702,1013,62823,1007,23689,61816
23618,24422,1012,62419,987,23410,61432
23635,24187,1001,61966,991,23186,60975
23651,23996,1013,61666,1000,22983,60666
23668,23851,1016,61475,986,22835,60489
23685,23813,1013,61391,1000,22800,60391
23701,23780,994,61374,983,22786,60391
23718,23801,1001,61427,975,22800,60452
23735,23878,1021,61527,1010,22857,60517
23751,23911,1003,61609,990,22908,60619
23768,23954,1003,61701,975,22951,60726
23785,24028,999,61805,991,23029,60814
23801,24062,1009,61851,997,23053,60854
23818,24058,1010,61868,988,23048,60880
23835,24063,1005,61837,994,23058,60843
23851,24070,1022,61854,1014,23048,60840
23868,24030,995,61821,980,23035,60841
23885,24080,1018,61869,1009,23062,60860
23901,24093,1013,61896,1003,23080,60893
23918,24081,984,61919,971,23097,60948
23935,24157,1013,62000,1007,23144,60993
23951,24175,1004,62052,994,23171,61058
23968,24213,1012,62117,997,23201,61120
23985,24265,1004,62181,1003,23261,61178
24001,24300,1007,62257,987,23293,61270
24018,24328,1000,62332,986,23328,61346
24035,24408,1021,62421,1010,23387,61411
24051,24448,1023,62484,1013,23425,61471
24068,24449,1000,62521,977,23449,61544
24085,24515,1008,62587,998,23507,61589
24101,24531,1003,62640,997,23528,61643
24118,24547,994,62674,979,23553,61695
24135,24593,1011,62720,995,23582,61725
24151,24604,1003,62753,997,23601,61756
24168,24637,1004,62808,999,23633,61809
24185,24677,1015,62862,1001,23662,61861
24201,24711,1004,62914,996,23707,61918
24218,24739,993,62987,986,23746,62001
24235,24824,1023,63092,1014,23801,62078
24251,24861,1013,63177,1006,23848,62171
24268,24885,1013,63227,1000,23872,62227
24285,24863,1002,63158,985,23861,62173
24301,24740,1014,62908,1008,23726,61900
24318,24425,998,62457,994,23427,61463
24335,24171,1026,61927,1007,23145,60920
24352,23898,995,61510,991,22903,60519
24367,23743,1015,61266,999,22728,60267
24384,23604,983,61079,977,22621,60102
24401,23568,1010,61014,994,22558,60020
24417,23531,988,60969,970,22543,59999
24434,23556,1019,61013,1007,22537,60006
24451,23563,1008,61032,1001,22555,60031
24467,23591,1003,61098,998,22588,60100
24484,23647,1007,61175,1001,22640,60174
24501,23671,993,61247,984,22678,60263
24517,23720,1008,61308,994,22712,60314
24534,23745,1015,61334,1005,22730,60329
24551,23718,993,61316,985,22725,60331
24567,23741,1020,61327,1008,22721,60319
24584,23714,991,61307,978,22723,60329
24601,23736,993,61333,988,22743,60345
24617,23765,1008,61375,990,22757,60385
24634,23810,1013,61435,1013,22797,60422
24651,23832,1014,61489,998,22818,60491
24667,23860,1001,61550,1001,22859,60549
24684,23909,1014,61614,1001,22895,60613
24701,23936,997,61683,990,22939,60693
24717,23980,992,61751,979,22988,60772
24734,24037,1002,61832,993,23035,60839
24751,24085,1004,61914,1001,23081,60913
24767,24132,1019,61993,1005,23113,60988
24784,24153,999,62026,988,23154,61038
24801,24204,1007,62102,1004,23197,61098
24817,24222,1007,62138,991,23215,61147
24834,24266,1019,62197,1012,23247,61185
24851,24283,1011,62228,1004,23272,61224
24867,24310,1020,62276,1005,23290,61271
24884,24336,1007,62313,993,23329,61320
24901,24370,1006,62394,996,23364,61398
24917,24421,999,62452,987,23422,61465
24934,24492,1017,62562,1017,23475,61545
24951,24517,1003,62642,991,23514,61651
24967,24575,1015,62722,1009,23560,61713
24984,24600,1016,62741,1009,23584,61732
25001,24543,1008,62632,993,23535,61639
25017,24393,1012,62338,998,23381,61340
25034,24112,1017,61923,1006,23095,60917
25051,23831,1000,61408,998,22831,60410
25067,23622,1008,61072,996,22614,60076
25084,23432,990,60812,977,22442,59835
25101,23349,981,60673,971,22368,59702
25117,23315,996,60621,985,22319,59636
25134,23314,1009,60622,999,22305,59623
25151,23317,1008,60632,998,22309,59634
25167,23331,1001,60668,994,22330,59674
25184,23365,986,60728,975,22379,59753
25201,23432,997,60840,993,22435,59847
25217,23482,1010,60925,990,22472,59935
25234,23517,1000,60988,1000,22517,59988
25251,23534,1012,61004,999,22522,60005
25267,23535,1008,61010,997,22527,60013
25284,23517,988,60992,972,22529,60020
25301,23538,999,61025,995,22539,60030
25317,23538,987,61045,969,22551,60076
25334,23587,999,61103,991,22588,60112
25351,23631,1013,61177,1006,22618,60171
25368,23660,997,61221,988,22663,60233
25383,23700,1003,61293,994,22697,60299
25400,23733,989,61325,977,22744,60348
25417,23791,1003,61438,988,22788,60450
25433,23850,1018,61536,1009,22832,60527
25450,23896,1018,61580,998,22878,60582
25467,23918,996,61670,988,22922,60682
25483,23953,994,61725,990,22959,60735
25500,23990,992,61751,976,22998,60775
25517,24041,1008,61843,996,23033,60847
25533,24073,1015,61896,1003,23058,60893
25550,24102,1011,61918,995,23091,60923
25567,24127,1016,61983,1005,23111,60978
25583,24135,1000,62014,992,23135,61022
25600,24174,1008,62042,982,23166,61060
25617,24235,1014,62153,1008,23221,61145
25633,24267,1011,62224,998,23256,61226
25650,24322,1006,62295,988,23316,61307
25667,24372,1009,62393,996,23363,61397
25683,24398,1003,62444,992,23395,61452
25700,24389,990,62416,967,23399,61449
25717,24377,1014,62356,1005,23363,61351
25733,24242,1024,62096,1007,23218,61089
25750,23976,1023,61688,992,22953,60696
25767,23725,1008,61251,997,22717,60254
25783,23511,992,60912,987,22519,59925
25800,23374,997,60699,976,22377,59723
25817,23317,1009,60606,1002,22308,59604
25833,23283,1007,60575,992,22276,59583
25850,23282,1008,60568,982,22274,59586
25867,23309,1005,60640,995,22304,59645
25883,23324,988,60684,977,22336,59707
25900,23403,999,60786,977,22404,59809
25917,23470,1017,60921,1004,22453,59917
25933,23515,1024,60988,1011,22491,59977
25950,23532,1022,60995,981,22510,60014
25967,23526,1014,61004,998,22512,60006
25983,23514,999,60988,987,22515,60001
26000,23525,1007,60979,972,22518,60007
26017,23544,1016,61027,1007,22528,60020
26033,23569,1015,61069,999,22554,60070
26050,23591,1012,61088,970,22579,60118
26067,23623,1014,61173,1001,22609,60172
26083,23653,1008,61222,1001,22645,60221
26100,23682,999,61261,971,22683,60290
26117,23729,1006,61355,994,22723,60361
26133,23788,1022,61439,1017,22766,60422
26150,23819,1011,61476,971,22808,60505
26167,23862,1017,61570,1007,22845,60563
26183,23888,996,61611,984,22892,60627
26200,23931,1008,61668,978,22923,60690
26217,23971,1019,61743,1007,22952,60736
26233,23991,1013,61784,992,22978,60792
26250,24027,1024,61816,986,23003,60830
26267,24023,1000,61836,989,23023,60847
26283,24064,1018,61889,997,23046,60892
26300,24076,1011,61917,979,23065,60938
26317,24113,1005,61982,989,23108,60993
26333,24174,1026,62070,1014,23148,61056
26350,24211,1017,62117,983,23194,61134
26367,24236,999,62193,989,23237,61204
26384,24298,1019,62279,1004,23279,61275
26399,24311,1007,62288,976,23304,61312
26416,24301,1018,62290,1009,23283,61281
26433,24206,1032,62080,1015,23174,61065
26449,23994,1015,61698,989,22979,60709
26466,23704,1015,61276,1001,22689,60275
26483,23461,991,60840,976,22470,59864
26499,23300,1005,60568,970,22295,59598
26516,23194,1013,60426,1003,22181,59423
26533,23125,998,60321,983,22127,59338
26549,23115,1005,60310,982,22110,59328
26566,23121,1005,60315,994,22116,59321
26583,23116,983,60345,972,22133,59373
26599,23160,986,60415,955,22174,59460
26616,23231,994,60533,988,22237,59545
26633,23290,1008,60643,995,22282,59648
26649,23303,987,60658,957,22316,59701
26666,23318,988,60682,976,22330,59706
26683,23332,1003,60706,989,22329,59717
26699,23331,995,60679,959,22336,59720
26716,23332,993,60703,983,22339,59720
26733,23367,1016,60761,999,22351,59762
26749,23367,990,60761,965,22377,59796
26766,23413,1002,60828,997,22411,59831
26783,23446,1001,60895,989,22445,59906
26799,23477,994,60941,963,22483,59978
26816,23537,1010,61034,1004,22527,60030
26833,23572,1006,61108,991,22566,60117
26849,23606,986,61157,963,22620,60194
26866,23666,1003,61245,990,22663,60255
26883,23695,995,61308,985,22700,60323
26899,23749,1001,61380,973,22748,60407
26916,23787,1004,61446,997,22783,60449
26933,23811,999,61499,983,22812,60516
26949,23846,1001,61544,980,22845,60564
26966,23876,1006,61584,992,22870,60592
26983,23878,988,61625,979,22890,60646
26999,23920,992,61666,960,22928,60706
27016,23971,1006,61749,1005,22965,60744
27033,24000,1007,61815,994,22993,60821
27049,24029,985,61865,965,23044,60900
27066,24103,1007,61960,989,23096,60971
27083,24129,990,62040,980,23139,61060
27099,24163,1002,62111,975,23161,61136
27116,24200,1001,62129,991,23199,61138
27133,24142,1015,62001,1005,23127,60996
27149,23903,1004,61656,986,22899,60670
27166,23642,984,61192,983,22658,60209
27183,23376,988,60700,977,22388,59723
27199,23138,999,60373,977,22139,59396
27216,23021,994,60154,992,22027,59162
27233,22922,988,59990,983,21934,59007
27249,22855,997,59920,976,21858,58944
27266,22822,983,59854,969,21839,58885
27283,22820,988,59850,976,21832,58874
27299,22816,1000,59880,971,21816,58909
27316,22886,1000,59962,993,21886,58969
27333,22940,995,60069,994,21945,59075
27349,22986,1002,60164,980,21984,59184
27366,23035,999,60216,987,22036,59229
27383,23040,981,60240,979,22059,59261
27400,23035,992,60251,974,22043,59277
27415,23080,1006,60276,996,22074,59280
27432,23080,1003,60282,990,22077,59292
27449,23096,1000,60320,989,22096,59331
27465,23121,997,60361,984,22124,59377
27482,23158,993,60414,980,22165,59434
27499,23180,973,60474,964,22207,59510
27515,23256,1002,60581,999,22254,59582
27532,23304,999,60659,994,22305,59665
27549,23338,994,60738,983,22344,59755
27565,23373,978,60799,968,22395,59831
27582,23437,993,60882,978,22444,59904
27599,23488,1003,60971,986,22485,59985
27615,23529,997,61039,985,22532,60054
27632,23564,987,61093,980,22577,60113
27649,23608,1000,61167,988,22608,60179
27665,23636,999,61213,994,22637,60219
27682,23663,989,61243,977,22674,60266
27699,23695,998,61302,993,22697,60309
27715,23721,989,61340,975,22732,60365
27732,23766,1003,61413,994,22763,60419
27749,23803,1001,61481,992,22802,60489
27765,23826,977,61546,974,22849,60572
27782,23883,979,61622,967,22904,60655
27799,23957,1005,61745,994,22952,60751
27815,24008,1008,61823,1001,23000,60822
27832,24023,1002,61854,1000,23021,60854
27849,23999,1008,61782,996,22991,60786
27865,23837,978,61500,967,22859,60533
27882,23574,988,61095,974,22586,60121
27899,23335,1000,60613,983,22335,59630
27915,23121,1002,60263,995,22119,59268
27932,22917,975,59994,977,21942,59017
27949,22832,988,59839,982,21844,58857
27965,22781,994,59778,985,21787,58793
27982,22734,977,59717,961,21757,58756
27999,22756,994,59750,977,21762,58773
28015,22763,985,59774,974,21778,58800
28032,22828,997,59856,990,21831,58866
28049,22868,988,59970,981,21880,58989
28065,22927,984,60063,981,21943,59082
28082,22974,987,60123,980,21987,59143
28099,22987,981,60166,967,22006,59199
28115,23020,1001,60203,987,22019,59216
28132,23027,1001,60201,990,22026,59211
28149,23032,994,60224,978,22038,59246
28165,23047,978,60251,967,22069,59284
28182,23065,971,60280,962,22094,59318
28199,23110,981,60366,967,22129,59399
28215,23163,994,60451,982,22169,59469
28232,23203,993,60503,979,22210,59524
28249,23246,981,60600,977,22265,59623
28265,23297,982,60677,974,22315,59703
28282,23335,974,60743,964,22361,59779
28299,23411,1004,60873,988,22407,59885
28315,23449,990,60934,977,22459,59957
28332,23511,1001,60998,994,22510,60004
28349,23546,1000,61096,992,22546,60104
28365,23574,985,61141,979,22589,60162
28382,23615,994,61183,988,22621,60195
28399,23651,997,61267,988,22654,60279
28416,23694,1017,61328,1003,22677,60325
28431,23693,969,61328,974,22724,60354
28448,23749,1001,61417,992,22748,60425
28465,23777,991,61480,981,22786,60499
28481,23824,985,61542,984,22839,60558
28498,23892,1003,61656,995,22889,60661
28515,23953,1013,61769,1001,22940,60768
28531,23997,988,61821,983,23009,60838
28548,24037,997,61899,986,23040,60913
28565,24038,983,61902,983,23055,60919
28581,24002,988,61796,985,23014,60811
28598,23844,1005,61573,1002,22839,60571
28615,23621,1017,61127,1005,22604,60122
28631,23375,1001,60701,994,22374,59707
28648,23155,1011,60397,1000,22144,59397
28665,23020,996,60166,979,22024,59187
28681,22953,983,60040,968,21970,59072
28698,22919,994,60049,992,21925,59057
28715,22933,998,60056,996,21935,59060
28731,22938,979,60086,975,21959,59111
28748,22990,987,60183,981,22003,59202
28765,23069,1003,60323,998,22066,59325
28781,23125,990,60394,980,22135,59414
28798,23188,1011,60510,1003,22177,59507
28815,23226,1026,60564,1010,22200,59554
28831,23237,1009,60556,997,22228,59559
28848,23210,992,60548,983,22218,59565
28865,23226,1002,60570,988,22224,59582
28881,23244,991,60586,976,22253,59610
28898,23290,1014,60667,1004,22276,59663
28915,23308,1008,60716,995,22300,59721
28931,23343,1001,60765,975,22342,59790
28948,23385,1003,60835,989,22382,59846
28965,23437,1009,60933,996,22428,59937
28981,23470,992,60975,967,22478,60008
28998,23527,1003,61078,995,22524,60083
29015,23563,1004,61152,992,22559,60160
29031,23632,1008,61233,983,22624,60250
29048,23649,996,61297,985,22653,60312
29065,23704,1004,61379,987,22700,60392
29081,23745,1004,61435,974,22741,60461
29098,23782,1005,61501,994,22777,60507
29115,23813,1005,61556,988,22808,60568
29131,23858,1014,61602,984,22844,60618
29148,23883,1014,61652,1003,22869,60649
29165,23885,991,61681,984,22894,60697
29181,23931,1007,61746,978,22924,60768
29198,23983,1019,61825,1007,22964,60818
29215,24032,1026,61905,1002,23006,60903
29231,24071,1003,61967,975,23068,60992
29248,24129,1013,62072,1006,23116,61066
29265,24179,1007,62161,1000,23172,61161
29281,24210,1008,62208,980,23202,61228
29298,24225,1015,62227,1010,23210,61217
29315,24160,1027,62080,1009,23133,61071
29331,23935,1011,61723,985,22924,60738
29348,23672,1009,61292,997,22663,60295
29365,23431,1002,60839,991,22429,59848
29382,23210,988,60531,958,22222,59573
29398,23128,998,60391,987,22130,59404
29415,23092,1011,60331,1002,22081,59329
29432,23062,990,60297,967,22072,59330
29447,23076,993,60344,984,22083,59360
29464,23116,988,60398,967,22128,59431
29481,23173,986,60505,973,22187,59532
29497,23265,1007,60646,999,22258,59647
29514,23305,999,60728,985,22306,59743
29531,23357,1003,60811,995,22354,59816
29547,23373,999,60838,996,22374,59842
29564,23372,999,60835,984,22373,59851
29581,23364,976,60820,970,22388,59850
29597,23406,1016,60883,1005,22390,59878
29614,23428,1010,60909,1000,22418,59909
29631,23446,1005,60956,992,22441,59964
29647,23463,988,61000,981,22475,60019
29664,23504,987,61071,982,22517,60089
29681,23564,997,61149,969,22567,60180
29697,23618,1009,61237,997,22609,60240
29714,23667,1012,61321,991,22655,60330
29731,23708,990,61391,962,22718,60429
29747,23773,1004,61495,994,22769,60501
29764,23814,994,61574,983,22820,60591
29781,23859,990,61653,968,22869,60685
29797,23923,1018,61752,1001,22905,60751
29814,23961,1008,61807,988,22953,60819
29831,23997,999,61868,975,22998,60893
29847,24040,997,61936,990,23043,60946
29864,24043,976,61965,962,23067,61003
29881,24106,996,62045,976,23110,61069
29897,24128,997,62091,975,23131,61116
29914,24176,1004,62158,996,23172,61162
29931,24191,982,62211,969,23209,61242
29947,24263,994,62299,990,23269,61309
29964,24306,992,62374,978,23314,61396
29981,24363,989,62485,969,23374,61516
29997,24443,1006,62604,998,23437,61606
