Tiempo (ms),IR,AMB_IR,RED,AMB_RED,IR_net,RED_net
3016,54062,1770,54621,1734,52292,52887
3031,54081,1774,54640,1734,52307,52906
3048,54110,1783,54681,1749,52327,52932
3065,54141,1796,54712,1757,52345,52955
3081,54173,1804,54751,1777,52369,52974
3098,54214,1829,54785,1798,52385,52987
3115,54251,1847,54828,1815,52404,53013
3131,54276,1857,54865,1816,52419,53049
3148,54282,1851,54885,1821,52431,53064
3165,54249,1814,54852,1774,52435,53078
3181,54236,1775,54828,1747,52461,53081
3198,54240,1770,54848,1735,52470,53113
3215,54257,1767,54868,1733,52490,53135
3231,54278,1779,54899,1737,52499,53162
3248,54293,1781,54922,1752,52512,53170
3265,54314,1792,54943,1752,52522,53191
3281,54329,1792,54957,1761,52537,53196
3298,54359,1807,54986,1774,52552,53212
3315,54377,1808,55004,1770,52569,53234
3331,54379,1808,55013,1766,52571,53247
3348,54380,1809,55013,1775,52571,53238
3365,54353,1803,54957,1774,52550,53183
3381,54274,1811,54830,1781,52463,53049
3398,54039,1821,54386,1782,52218,52604
3415,53628,1806,53883,1772,51822,52111
3431,53381,1790,53547,1752,51591,51795
3448,53279,1781,53409,1746,51498,51663
3465,53282,1775,53433,1740,51507,51693
3481,53371,1784,53545,1753,51587,51792
3498,53476,1808,53723,1766,51668,51957
3515,53578,1806,53847,1772,51772,52075
3531,53640,1801,53939,1756,51839,52183
3548,53688,1789,54037,1759,51899,52278
3565,53742,1786,54106,1754,51956,52352
3581,53791,1784,54181,1756,52007,52425
3598,53833,1798,54252,1762,52035,52490
3615,53872,1796,54287,1759,52076,52528
3631,53887,1794,54308,1751,52093,52557
3648,53905,1795,54352,1761,52110,52591
3665,53923,1793,54361,1756,52130,52605
3681,53940,1796,54391,1766,52144,52625
3698,53961,1800,54398,1763,52161,52635
3715,53960,1789,54425,1752,52171,52673
3731,53975,1777,54441,1738,52198,52703
3748,53986,1774,54463,1736,52212,52727
3765,54015,1772,54497,1738,52243,52759
3781,54049,1786,54534,1753,52263,52781
3798,54096,1808,54595,1774,52288,52821
3815,54128,1817,54628,1777,52311,52851
3831,54137,1811,54644,1773,52326,52871
3848,54144,1796,54667,1766,52348,52901
3865,54140,1782,54670,1748,52358,52922
3881,54163,1777,54669,1744,52386,52925
3898,54190,1798,54704,1758,52392,52946
3915,54205,1793,54733,1755,52412,52978
3931,54210,1788,54743,1747,52422,52996
3948,54217,1779,54759,1745,52438,53014
3965,54235,1783,54773,1743,52452,53030
3981,54244,1780,54769,1749,52464,53020
3998,54256,1777,54792,1736,52479,53056
4015,54253,1763,54801,1727,52490,53074
4032,54258,1755,54820,1720,52503,53100
4047,54281,1762,54820,1720,52519,53100
4064,54298,1768,54858,1732,52530,53126
4081,54344,1798,54889,1762,52546,53127
4097,54391,1838,54947,1795,52553,53152
4114,54424,1851,54979,1813,52573,53166
4131,54414,1834,54970,1796,52580,53174
4147,54357,1795,54907,1758,52562,53149
4164,54295,1769,54805,1735,52526,53070
4181,54127,1781,54546,1738,52346,52808
4197,53797,1797,54050,1759,52000,52291
4214,53513,1802,53609,1768,51711,51841
4231,53358,1804,53419,1770,51554,51649
4247,53343,1810,53408,1775,51533,51633
4264,53395,1812,53505,1780,51583,51725
4281,53516,1835,53652,1804,51681,51848
4297,53627,1861,53816,1815,51766,52001
4314,53723,1872,53961,1836,51851,52125
4331,53805,1879,54060,1836,51926,52224
4347,53858,1881,54135,1846,51977,52289
4364,53899,1867,54210,1836,52032,52374
4381,53939,1866,54279,1828,52073,52451
4397,53973,1861,54319,1829,52112,52490
4414,53988,1856,54360,1820,52132,52540
4431,53996,1839,54363,1799,52157,52564
4447,53992,1824,54361,1784,52168,52577
4464,53975,1792,54342,1759,52183,52583
4481,53965,1767,54350,1729,52198,52621
4497,53960,1750,54351,1709,52210,52642
4514,53964,1725,54330,1689,52239,52641
4531,53957,1706,54349,1667,52251,52682
4547,53971,1694,54371,1651,52277,52720
4564,53992,1685,54392,1646,52307,52746
4581,54007,1688,54427,1652,52319,52775
4597,54042,1695,54460,1653,52347,52807
4614,54059,1696,54479,1656,52363,52823
4631,54071,1683,54502,1649,52388,52853
4647,54087,1680,54519,1652,52407,52867
4664,54102,1691,54537,1658,52411,52879
4681,54140,1706,54572,1671,52434,52901
4697,54174,1731,54616,1692,52443,52924
4714,54206,1740,54641,1711,52466,52930
4731,54227,1748,54661,1709,52479,52952
4747,54253,1762,54693,1723,52491,52970
4764,54268,1767,54722,1732,52501,52990
4781,54299,1784,54752,1743,52515,53009
4797,54328,1801,54778,1762,52527,53016
4814,54356,1808,54809,1777,52548,53032
4831,54387,1823,54840,1786,52564,53054
4847,54419,1846,54871,1804,52573,53067
4864,54430,1856,54897,1822,52574,53075
4881,54437,1840,54890,1816,52597,53074
4897,54429,1823,54881,1791,52606,53090
4914,54413,1785,54871,1756,52628,53115
4931,54371,1742,54829,1708,52629,53121
4947,54332,1703,54794,1668,52629,53126
4964,54309,1697,54749,1664,52612,53085
4981,54245,1700,54661,1667,52545,52994
4997,54075,1722,54312,1685,52353,52627
5014,53755,1727,53853,1691,52028,52162
5031,53535,1719,53604,1682,51816,51922
5048,53473,1722,53520,1681,51751,51839
5063,53491,1716,53549,1686,51775,51863
5080,53577,1731,53686,1692,51846,51994
5097,53693,1746,53839,1708,51947,52131
5113,53779,1741,53966,1703,52038,52263
5130,53835,1731,54063,1694,52104,52369
5147,53891,1720,54131,1685,52171,52446
5163,53929,1715,54195,1680,52214,52515
5180,53987,1724,54264,1691,52263,52573
5197,54011,1725,54319,1694,52286,52625
5213,54033,1720,54340,1680,52313,52660
5230,54043,1710,54356,1674,52333,52682
5247,54061,1701,54366,1673,52360,52693
5263,54067,1707,54396,1673,52360,52723
5280,54098,1716,54413,1680,52382,52733
5297,54120,1735,54447,1693,52385,52754
5313,54133,1737,54464,1693,52396,52771
5330,54153,1736,54505,1698,52417,52807
5347,54189,1736,54544,1700,52453,52844
5363,54221,1753,54575,1720,52468,52855
5380,54260,1773,54614,1740,52487,52874
5397,54292,1793,54661,1754,52499,52907
5413,54300,1784,54672,1743,52516,52929
5430,54296,1758,54656,1722,52538,52934
5447,54293,1741,54666,1708,52552,52958
5463,54299,1733,54667,1699,52566,52968
5480,54330,1749,54701,1710,52581,52991
5497,54360,1766,54739,1734,52594,53005
5513,54390,1779,54767,1741,52611,53026
5530,54401,1790,54796,1751,52611,53045
5547,54431,1789,54820,1764,52642,53056
5563,54441,1793,54839,1766,52648,53073
5580,54480,1817,54871,1778,52663,53093
5597,54516,1852,54925,1813,52664,53112
5613,54568,1888,54962,1845,52680,53117
5630,54599,1904,54996,1866,52695,53130
5647,54605,1905,55014,1872,52700,53142
5663,54619,1911,55033,1874,52708,53159
5680,54657,1929,55070,1891,52728,53179
5697,54685,1950,55108,1914,52735,53194
5713,54715,1973,55135,1931,52742,53204
5730,54737,1991,55159,1953,52746,53206
5747,54739,1994,55143,1966,52745,53177
5763,54701,1993,55068,1964,52708,53104
5780,54627,2002,54906,1966,52625,52940
5797,54371,2020,54572,1980,52351,52592
5813,54175,2021,54254,1982,52154,52272
5830,54106,2023,54183,1990,52083,52193
5847,54137,2024,54230,1986,52113,52244
5863,54201,2017,54342,1988,52184,52354
5880,54302,2029,54470,1995,52273,52475
5897,54398,2039,54589,2002,52359,52587
5913,54450,2039,54694,1997,52411,52697
5930,54485,2025,54733,1990,52460,52743
5947,54499,2005,54764,1970,52494,52794
5963,54503,1976,54794,1942,52527,52852
5980,54532,1973,54807,1938,52559,52869
5997,54539,1971,54835,1935,52568,52900
6013,54553,1968,54855,1925,52585,52930
6030,54560,1965,54865,1931,52595,52934
6047,54587,1982,54890,1940,52605,52950
6064,54609,1997,54923,1960,52612,52963
6079,54662,2029,54978,1995,52633,52983
6096,54693,2052,55005,2016,52641,52989
6113,54700,2035,55007,2000,52665,53007
6129,54702,2022,55010,1990,52680,53020
6146,54694,2004,55015,1964,52690,53051
6163,54688,1989,55015,1948,52699,53067
6179,54688,1957,55011,1926,52731,53085
6196,54681,1941,54998,1902,52740,53096
6213,54677,1922,55010,1883,52755,53127
6229,54679,1919,55020,1880,52760,53140
6246,54684,1911,55017,1882,52773,53135
6263,54704,1922,55036,1886,52782,53150
6279,54743,1942,55073,1906,52801,53167
6296,54763,1962,55104,1924,52801,53180
6313,54782,1958,55106,1922,52824,53184
6329,54781,1953,55125,1920,52828,53205
6346,54782,1946,55107,1913,52836,53194
6363,54778,1945,55107,1905,52833,53202
6379,54800,1942,55128,1907,52858,53221
6396,54807,1943,55134,1902,52864,53232
6413,54810,1926,55132,1895,52884,53237
6429,54804,1930,55152,1895,52874,53257
6446,54818,1927,55154,1892,52891,53262
6463,54830,1931,55167,1897,52899,53270
6479,54856,1941,55190,1913,52915,53277
6496,54866,1953,55190,1916,52913,53274
6513,54843,1940,55164,1903,52903,53261
6529,54799,1926,55096,1891,52873,53205
6546,54692,1920,54914,1882,52772,53032
6563,54410,1914,54537,1878,52496,52659
6579,54216,1923,54204,1891,52293,52313
6596,54143,1929,54141,1895,52214,52246
6613,54147,1918,54143,1884,52229,52259
6629,54199,1921,54235,1890,52278,52345
6646,54273,1919,54338,1888,52354,52450
6663,54370,1934,54473,1899,52436,52574
6679,54453,1951,54581,1917,52502,52664
6696,54513,1968,54664,1932,52545,52732
6713,54561,1977,54724,1937,52584,52787
6729,54594,1973,54778,1938,52621,52840
6746,54625,1973,54809,1945,52652,52864
6763,54660,1989,54844,1954,52671,52890
6779,54715,2009,54908,1980,52706,52928
6796,54733,2041,54948,2002,52692,52946
6813,54764,2048,54970,2005,52716,52965
6829,54784,2057,54997,2023,52727,52974
6846,54808,2070,55020,2037,52738,52983
6863,54836,2078,55043,2047,52758,52996
6879,54856,2091,55070,2059,52765,53011
6896,54872,2094,55101,2054,52778,53047
6913,54869,2069,55093,2027,52800,53066
6929,54866,2051,55080,2016,52815,53064
6946,54862,2034,55102,2004,52828,53098
6963,54876,2035,55120,2005,52841,53115
6979,54904,2040,55139,2014,52864,53125
6996,54895,2039,55154,2000,52856,53154
7013,54902,2027,55157,1979,52875,53178
7029,54903,2013,55156,1978,52890,53178
7046,54897,1997,55161,1962,52900,53199
7063,54882,1973,55140,1938,52909,53202
7080,54896,1975,55142,1946,52921,53196
7095,54906,1977,55164,1942,52929,53222
7112,54891,1964,55155,1929,52927,53226
7129,54855,1915,55116,1880,52940,53236
7145,54802,1853,55073,1816,52949,53257
7162,54816,1846,55063,1805,52970,53258
7179,54837,1872,55097,1833,52965,53264
7195,54853,1877,55123,1831,52976,53292
7212,54852,1867,55127,1831,52985,53296
7229,54863,1862,55135,1830,53001,53305
7245,54861,1857,55121,1820,53004,53301
7262,54864,1860,55118,1823,53004,53295
7279,54855,1872,55113,1833,52983,53280
7295,54815,1870,55039,1833,52945,53206
7312,54690,1865,54819,1825,52825,52994
7329,54413,1856,54441,1826,52557,52615
7345,54249,1852,54175,1821,52397,52354
7362,54195,1859,54118,1824,52336,52294
7379,54227,1881,54167,1840,52346,52327
7395,54279,1881,54245,1845,52398,52400
7412,54336,1870,54348,1837,52466,52511
7429,54399,1855,54422,1824,52544,52598
7445,54443,1841,54494,1811,52602,52683
7462,54492,1840,54557,1803,52652,52754
7479,54543,1854,54621,1817,52689,52804
7495,54579,1855,54666,1818,52724,52848
7512,54590,1841,54686,1807,52749,52879
7529,54613,1838,54710,1803,52775,52907
7545,54631,1839,54721,1807,52792,52914
7562,54649,1841,54747,1808,52808,52939
7579,54678,1855,54779,1821,52823,52958
7595,54699,1868,54805,1829,52831,52976
7612,54709,1870,54810,1833,52839,52977
7629,54731,1879,54834,1841,52852,52993
7645,54763,1899,54867,1860,52864,53007
7662,54826,1944,54935,1905,52882,53030
7679,54888,1983,54995,1948,52905,53047
7695,54902,2001,55029,1956,52901,53073
7712,54886,1965,55019,1923,52921,53096
7729,54841,1904,54973,1875,52937,53098
7745,54811,1865,54939,1832,52946,53107
7762,54812,1850,54935,1815,52962,53120
7779,54826,1847,54951,1818,52979,53133
7795,54830,1854,54962,1812,52976,53150
7812,54833,1846,54961,1806,52987,53155
7829,54843,1838,54972,1815,53005,53157
7845,54844,1831,54970,1793,53013,53177
7862,54842,1823,54954,1789,53019,53165
7879,54849,1822,54963,1792,53027,53171
7895,54854,1825,54966,1783,53029,53183
7912,54851,1817,54974,1785,53034,53189
7929,54860,1809,54969,1779,53051,53190
7945,54844,1792,54960,1755,53052,53205
7962,54849,1784,54970,1748,53065,53222
7979,54879,1802,54999,1773,53077,53226
7995,54921,1848,55062,1800,53073,53262
8012,54955,1880,55101,1846,53075,53255
8029,54980,1901,55096,1863,53079,53233
8045,54922,1872,55040,1836,53050,53204
8062,54848,1851,54896,1818,52997,53078
8079,54617,1835,54602,1804,52782,52798
8096,54374,1804,54232,1767,52570,52465
8111,54247,1776,54088,1739,52471,52349
8128,54234,1768,54077,1732,52466,52345
8145,54273,1756,54126,1720,52517,52406
8161,54351,1761,54243,1733,52590,52510
8178,54433,1790,54345,1750,52643,52595
8195,54537,1809,54478,1772,52728,52706
8211,54596,1836,54558,1795,52760,52763
8228,54671,1868,54655,1836,52803,52819
8245,54733,1895,54721,1861,52838,52860
8261,54754,1903,54759,1871,52851,52888
8278,54766,1878,54752,1836,52888,52916
8295,54727,1837,54740,1793,52890,52947
8311,54720,1815,54734,1772,52905,52962
8328,54743,1822,54757,1796,52921,52961
8345,54780,1849,54790,1818,52931,52972
8361,54816,1883,54830,1854,52933,52976
8378,54855,1907,54872,1871,52948,53001
8395,54854,1899,54873,1865,52955,53008
8411,54848,1870,54873,1835,52978,53038
8428,54837,1848,54866,1815,52989,53051
8445,54848,1834,54866,1808,53014,53058
8461,54866,1847,54892,1820,53019,53072
8478,54889,1866,54927,1829,53023,53098
8495,54904,1866,54933,1827,53038,53106
8511,54897,1849,54938,1812,53048,53126
8528,54896,1836,54938,1800,53060,53138
8545,54894,1822,54945,1791,53072,53154
8561,54916,1834,54953,1799,53082,53154
8578,54937,1855,54993,1819,53082,53174
8595,54953,1862,55005,1822,53091,53183
8611,54954,1852,55017,1815,53102,53202
8628,54955,1841,55010,1807,53114,53203
8645,54948,1824,54996,1787,53124,53209
8661,54958,1827,55011,1792,53131,53219
8678,54979,1840,55041,1801,53139,53240
8695,54989,1836,55044,1799,53153,53245
8711,54986,1833,55059,1792,53153,53267
8728,54991,1828,55046,1796,53163,53250
8745,54980,1819,55018,1782,53161,53236
8761,54961,1825,54990,1789,53136,53201
8778,54935,1846,54921,1802,53089,53119
8795,54779,1847,54702,1806,52932,52896
8811,54570,1840,54384,1797,52730,52587
8828,54455,1830,54228,1802,52625,52426
8845,54432,1823,54211,1787,52609,52424
8861,54485,1824,54286,1788,52661,52498
8878,54561,1841,54398,1800,52720,52598
8895,54643,1841,54496,1806,52802,52690
8911,54685,1842,54587,1805,52843,52782
8928,54729,1846,54639,1814,52883,52825
8945,54768,1841,54681,1815,52927,52866
8961,54800,1851,54721,1822,52949,52899
8978,54832,1866,54768,1829,52966,52939
8995,54856,1874,54788,1837,52982,52951
9011,54867,1877,54818,1836,52990,52982
9028,54887,1886,54839,1851,53001,52988
9045,54903,1882,54841,1851,53021,52990
9061,54917,1894,54862,1860,53023,53002
9078,54940,1909,54883,1866,53031,53017
9095,54939,1897,54878,1857,53042,53021
9112,54935,1876,54896,1840,53059,53056
9127,54938,1869,54891,1828,53069,53063
9144,54943,1861,54897,1826,53082,53071
9161,54958,1872,54920,1833,53086,53087
9177,54985,1879,54946,1844,53106,53102
9194,55003,1881,54966,1847,53122,53119
9211,55028,1892,54988,1856,53136,53132
9227,55061,1925,55037,1886,53136,53151
9244,55096,1948,55058,1911,53148,53147
9261,55067,1927,55038,1881,53140,53157
9277,55006,1838,54959,1809,53168,53150
9294,54984,1808,54948,1770,53176,53178
9311,54998,1814,54961,1774,53184,53187
9327,55027,1844,55006,1795,53183,53211
9344,55077,1873,55040,1842,53204,53198
9361,55119,1915,55081,1874,53204,53207
9377,55123,1902,55087,1862,53221,53225
9394,55088,1861,55065,1822,53227,53243
9411,55075,1847,55059,1811,53228,53248
9427,55095,1863,55078,1822,53232,53256
9444,55105,1871,55077,1838,53234,53239
9461,55110,1892,55065,1867,53218,53198
9477,55074,1908,54980,1867,53166,53113
9494,54907,1902,54719,1865,53005,52854
9511,54628,1898,54339,1863,52730,52476
9527,54494,1907,54155,1867,52587,52288
9544,54467,1914,54129,1883,52553,52246
9561,54510,1933,54181,1901,52577,52280
9577,54596,1948,54284,1916,52648,52368
9594,54661,1952,54395,1919,52709,52476
9611,54741,1954,54480,1915,52787,52565
9627,54795,1957,54579,1918,52838,52661
9644,54841,1957,54633,1925,52884,52708
9661,54888,1966,54702,1931,52922,52771
9677,54930,1979,54767,1946,52951,52821
9694,54951,1979,54789,1936,52972,52853
9711,54959,1969,54804,1931,52990,52873
9727,54966,1960,54818,1924,53006,52894
9744,54983,1956,54830,1931,53027,52899
9761,54999,1970,54841,1935,53029,52906
9777,55025,1989,54862,1948,53036,52914
9794,55032,1985,54886,1945,53047,52941
9811,55040,1981,54905,1941,53059,52964
9827,55058,1977,54912,1941,53081,52971
9844,55074,1982,54930,1947,53092,52983
9861,55102,1993,54966,1961,53109,53005
9877,55139,2011,54997,1979,53128,53018
9894,55144,2008,54997,1970,53136,53027
9911,55142,1996,55002,1960,53146,53042
9927,55151,1993,55011,1956,53158,53055
9944,55161,1992,55004,1955,53169,53049
9961,55179,2002,55031,1967,53177,53064
9977,55212,2024,55057,1988,53188,53069
9994,55216,2025,55077,1988,53191,53089
10011,55218,2017,55073,1975,53201,53098
10027,55220,2009,55077,1972,53211,53105
10044,55240,2013,55063,1979,53227,53084
10061,55280,2048,55078,2013,53232,53065
10077,55342,2106,55132,2078,53236,53054
10094,55414,2167,55210,2141,53247,53069
10111,55504,2247,55304,2211,53257,53093
10128,55590,2323,55437,2297,53267,53140
10143,55658,2388,55504,2356,53270,53148
10160,55730,2470,55574,2427,53260,53147
10176,55809,2557,55638,2529,53252,53109
10193,55808,2656,55574,2609,53152,52965
10210,55668,2723,55319,2693,52945,52626
10227,55453,2776,55030,2740,52677,52290
10243,55351,2799,54861,2766,52552,52095
10260,55330,2810,54836,2768,52520,52068
10277,55342,2796,54856,2758,52546,52098
10293,55381,2789,54947,2746,52592,52201
10310,55445,2775,55040,2739,52670,52301
10327,55492,2751,55118,2709,52741,52409
10343,55542,2742,55206,2703,52800,52503
10360,55610,2747,55282,2704,52863,52578
10377,55607,2697,55322,2668,52910,52654
10393,55561,2621,55290,2591,52940,52699
10410,55498,2525,55228,2485,52973,52743
10427,55445,2456,55180,2422,52989,52758
10443,55425,2419,55170,2388,53006,52782
10460,55472,2461,55208,2422,53011,52786
10477,55539,2515,55249,2480,53024,52769
10493,55610,2583,55320,2542,53027,52778
10510,55675,2638,55376,2601,53037,52775
10527,55725,2667,55400,2630,53058,52770
10543,55750,2677,55455,2646,53073,52809
10560,55791,2707,55462,2661,53084,52801
10577,55803,2704,55477,2671,53099,52806
10593,55788,2679,55454,2640,53109,52814
10610,55769,2630,55415,2603,53139,52812
10627,55753,2603,55404,2564,53150,52840
10643,55753,2582,55378,2550,53171,52828
10660,55763,2595,55403,2543,53168,52860
10677,55783,2603,55408,2564,53180,52844
10693,55790,2629,55385,2592,53161,52793
10710,55814,2654,55386,2624,53160,52762
10727,55846,2675,55407,2631,53171,52776
10743,55856,2671,55419,2639,53185,52780
10760,55873,2682,55447,2637,53191,52810
10777,55869,2665,55452,2634,53204,52818
10793,55841,2632,55432,2596,53209,52836
10810,55821,2583,55411,2547,53238,52864
10827,55796,2552,55419,2517,53244,52902
10843,55801,2552,55427,2521,53249,52906
10860,55812,2580,55424,2536,53232,52888
10877,55795,2592,55387,2560,53203,52827
10893,55677,2601,55187,2563,53076,52624
10910,55462,2600,54862,2566,52862,52296
10927,55270,2599,54615,2566,52671,52049
10943,55215,2609,54546,2576,52606,51970
10960,55259,2643,54598,2597,52616,52001
10977,55338,2672,54686,2633,52666,52053
10993,55412,2689,54793,2657,52723,52136
11010,55492,2694,54884,2660,52798,52224
11027,55540,2703,54955,2660,52837,52295
11043,55571,2678,55008,2640,52893,52368
11060,55575,2657,55042,2613,52918,52429
11077,55577,2630,55048,2591,52947,52457
11093,55576,2606,55057,2566,52970,52491
11110,55576,2580,55067,2544,52996,52523
11127,55597,2595,55088,2551,53002,52537
11144,55640,2618,55139,2583,53022,52556
11159,55680,2647,55183,2613,53033,52570
11176,55710,2662,55235,2631,53048,52604
11193,55735,2679,55251,2631,53056,52620
11209,55757,2680,55281,2642,53077,52639
11226,55782,2692,55319,2652,53090,52667
11243,55803,2691,55333,2656,53112,52677
11259,55814,2694,55358,2663,53120,52695
11276,55797,2662,55345,2631,53135,52714
11293,55766,2616,55321,2583,53150,52738
11309,55751,2589,55297,2556,53162,52741
11326,55768,2597,55316,2562,53171,52754
11343,55806,2623,55350,2589,53183,52761
11359,55853,2663,55398,2628,53190,52770
11376,55874,2671,55414,2637,53203,52777
11393,55866,2657,55396,2619,53209,52777
11409,55846,2623,55385,2591,53223,52794
11426,55814,2584,55340,2546,53230,52794
11443,55800,2565,55328,2534,53235,52794
11459,55820,2575,55337,2544,53245,52793
11476,55826,2582,55344,2548,53244,52796
11493,55823,2574,55330,2539,53249,52791
11509,55816,2557,55317,2518,53259,52799
11526,55788,2533,55278,2498,53255,52780
11543,55767,2531,55233,2496,53236,52737
11559,55730,2554,55152,2518,53176,52634
11576,55599,2553,54928,2526,53046,52402
11593,55360,2558,54621,2517,52802,52104
11609,55252,2560,54457,2524,52692,51933
11626,55236,2563,54451,2530,52673,51921
11643,55274,2558,54522,2529,52716,51993
11659,55345,2568,54626,2538,52777,52088
11676,55397,2557,54716,2527,52840,52189
11693,55462,2560,54790,2524,52902,52266
11709,55520,2573,54881,2539,52947,52342
11726,55563,2590,54932,2550,52973,52382
11743,55588,2581,54969,2546,53007,52423
11759,55584,2555,54962,2530,53029,52432
11776,55566,2520,54961,2491,53046,52470
11793,55583,2519,54974,2481,53064,52493
11809,55603,2532,55000,2493,53071,52507
11826,55634,2553,55030,2520,53081,52510
11843,55680,2587,55084,2550,53093,52534
11859,55715,2612,55116,2565,53103,52551
11876,55698,2586,55112,2548,53112,52564
11893,55677,2554,55095,2513,53123,52582
11909,55683,2539,55111,2501,53144,52610
11926,55694,2534,55119,2504,53160,52615
11943,55718,2544,55147,2504,53174,52643
11959,55762,2573,55199,2533,53189,52666
11976,55793,2588,55236,2555,53205,52681
11993,55819,2604,55254,2568,53215,52686
12009,55836,2606,55276,2571,53230,52705
12026,55841,2614,55283,2572,53227,52711
12043,55862,2628,55325,2587,53234,52738
12059,55911,2664,55368,2621,53247,52747
12076,55958,2683,55405,2650,53275,52755
12093,55980,2705,55438,2664,53275,52774
12109,56000,2723,55458,2689,53277,52769
12126,56037,2745,55495,2707,53292,52788
12143,56070,2769,55551,2734,53301,52817
12160,56121,2807,55594,2768,53314,52826
12175,56138,2818,55617,2781,53320,52836
12192,56145,2817,55626,2781,53328,52845
12209,56141,2816,55596,2780,53325,52816
12225,56115,2809,55565,2770,53306,52795
12242,56058,2804,55459,2758,53254,52701
12259,55891,2799,55236,2764,53092,52472
12275,55677,2786,54913,2752,52891,52161
12292,55561,2773,54752,2745,52788,52007
12309,55538,2762,54747,2722,52776,52025
12325,55548,2727,54790,2694,52821,52096
12342,55598,2702,54860,2662,52896,52198
12359,55646,2687,54951,2651,52959,52300
12375,55696,2688,55043,2654,53008,52389
12392,55743,2692,55082,2664,53051,52418
12409,55800,2724,55151,2684,53076,52467
12425,55839,2742,55217,2697,53097,52520
12442,55869,2749,55242,2708,53120,52534
12459,55888,2745,55272,2716,53143,52556
12475,55880,2727,55272,2696,53153,52576
12492,55863,2701,55255,2667,53162,52588
12509,55861,2686,55241,2650,53175,52591
12525,55851,2668,55245,2635,53183,52610
12542,55854,2664,55231,2621,53190,52610
12559,55851,2651,55254,2617,53200,52637
12575,55840,2617,55236,2586,53223,52650
12592,55813,2590,55223,2555,53223,52668
12609,55823,2579,55226,2540,53244,52686
12625,55836,2586,55244,2547,53250,52697
12642,55877,2617,55293,2573,53260,52720
12659,55927,2645,55341,2614,53282,52727
12675,55960,2668,55388,2631,53292,52757
12692,55985,2681,55406,2645,53304,52761
12709,56019,2704,55441,2657,53315,52784
12725,56033,2706,55475,2665,53327,52810
12742,56066,2725,55498,2688,53341,52810
12759,56098,2747,55534,2715,53351,52819
12775,56117,2761,55559,2730,53356,52829
12792,56129,2764,55569,2734,53365,52835
12809,56157,2787,55595,2749,53370,52846
12825,56196,2812,55633,2784,53384,52849
12842,56247,2858,55695,2826,53389,52869
12859,56309,2912,55753,2871,53397,52882
12875,56332,2933,55758,2900,53399,52858
12892,56324,2946,55735,2911,53378,52824
12909,56257,2961,55634,2921,53296,52713
12925,56086,2958,55358,2921,53128,52437
12942,55874,2967,55082,2927,52907,52155
12959,55800,2966,54974,2938,52834,52036
12975,55788,2961,54981,2926,52827,52055
12992,55840,2939,55045,2912,52901,52133
13009,55901,2941,55140,2893,52960,52247
13025,55938,2922,55216,2886,53016,52330
13042,55985,2913,55278,2874,53072,52404
13059,56006,2896,55322,2862,53110,52460
13075,56012,2871,55346,2836,53141,52510
13092,56023,2847,55356,2819,53176,52537
13109,56031,2851,55365,2809,53180,52556
13125,56043,2844,55386,2817,53199,52569
13142,56070,2864,55410,2820,53206,52590
13159,56120,2895,55449,2862,53225,52587
13176,56139,2910,55481,2878,53229,52603
13191,56161,2923,55500,2886,53238,52614
13208,56193,2947,55537,2916,53246,52621
13225,56230,2974,55558,2936,53256,52622
13241,56273,2998,55605,2975,53275,52630
13258,56313,3031,55661,2997,53282,52664
13275,56338,3039,55689,3008,53299,52681
13291,56364,3048,55718,3012,53316,52706
13308,56395,3068,55742,3033,53327,52709
13325,56439,3102,55786,3065,53337,52721
13341,56495,3139,55829,3104,53356,52725
13358,56536,3170,55875,3134,53366,52741
13375,56569,3187,55883,3153,53382,52730
13391,56575,3199,55900,3157,53376,52743
13408,56581,3198,55907,3164,53383,52743
13425,56598,3200,55939,3157,53398,52782
13441,56622,3209,55951,3181,53413,52770
13458,56635,3211,55989,3177,53424,52812
13475,56632,3201,55990,3160,53431,52830
13491,56632,3184,55980,3149,53448,52831
13508,56627,3183,55977,3148,53444,52829
13525,56630,3176,55979,3136,53454,52843
13541,56627,3173,56002,3147,53454,52855
13558,56601,3169,55972,3131,53432,52841
13575,56477,3144,55806,3112,53333,52694
13591,56216,3124,55390,3081,53092,52309
13608,55991,3121,55097,3089,52870,52008
13625,55863,3125,54923,3094,52738,51829
13641,55854,3134,54915,3093,52720,51822
13658,55895,3133,54970,3100,52762,51870
13675,55945,3116,55048,3075,52829,51973
13691,56012,3102,55175,3070,52910,52105
13708,56075,3098,55271,3072,52977,52199
13725,56143,3108,55360,3073,53035,52287
13741,56202,3115,55444,3077,53087,52367
13758,56252,3121,55506,3081,53131,52425
13775,56263,3104,55522,3069,53159,52453
13791,56267,3090,55553,3060,53177,52493
13808,56300,3103,55587,3069,53197,52518
13825,56321,3116,55621,3079,53205,52542
13841,56349,3132,55644,3096,53217,52548
13858,56365,3144,55676,3100,53221,52576
13875,56353,3116,55658,3083,53237,52575
13891,56338,3094,55635,3060,53244,52575
13908,56355,3085,55650,3055,53270,52595
13925,56377,3110,55687,3074,53267,52613
13941,56419,3133,55742,3099,53286,52643
13958,56476,3169,55808,3132,53307,52676
13975,56488,3183,55828,3137,53305,52691
13991,56499,3165,55856,3129,53334,52727
14008,56498,3143,55858,3116,53355,52742
14025,56499,3137,55860,3102,53362,52758
14041,56515,3139,55878,3093,53376,52785
14058,56526,3138,55885,3099,53388,52786
14075,56512,3117,55871,3076,53395,52795
14091,56502,3093,55869,3059,53409,52810
14108,56504,3091,55869,3053,53413,52816
14125,56515,3093,55900,3054,53422,52846
14141,56546,3108,55918,3069,53438,52849
14158,56574,3123,55952,3086,53451,52866
14175,56580,3123,55956,3087,53457,52869
14192,56581,3116,55968,3080,53465,52888
14207,56577,3108,55966,3080,53469,52886
14224,56599,3121,56000,3085,53478,52915
14241,56593,3131,55969,3106,53462,52863
14257,56532,3141,55836,3099,53391,52737
14274,56310,3127,55493,3088,53183,52405
14291,55974,3098,55067,3059,52876,52008
14307,55785,3083,54793,3045,52702,51748
14324,55731,3087,54729,3050,52644,51679
14341,55775,3115,54801,3081,52660,51720
14357,55841,3134,54897,3094,52707,51803
14374,55904,3137,54985,3104,52767,51881
14391,55990,3137,55086,3101,52853,51985
14407,56046,3127,55181,3097,52919,52084
14424,56101,3114,55244,3080,52987,52164
14441,56146,3104,55320,3078,53042,52242
14457,56184,3106,55365,3068,53078,52297
14474,56197,3092,55392,3058,53105,52334
14491,56219,3091,55431,3047,53128,52384
14507,56229,3086,55464,3048,53143,52416
14524,56265,3096,55488,3058,53169,52430
14541,56300,3116,55538,3079,53184,52459
14557,56329,3126,55574,3099,53203,52475
14574,56347,3133,55585,3099,53214,52486
14591,56359,3136,55602,3097,53223,52505
14607,56354,3118,55610,3082,53236,52528
14624,56360,3091,55615,3061,53269,52554
14641,56375,3089,55638,3063,53286,52575
14657,56378,3086,55636,3051,53292,52585
14674,56395,3076,55634,3042,53319,52592
14691,56396,3068,55630,3030,53328,52600
14707,56395,3059,55649,3025,53336,52624
14724,56412,3070,55677,3036,53342,52641
14741,56452,3091,55713,3060,53361,52653
14757,56476,3116,55746,3079,53360,52667
14774,56505,3122,55785,3094,53383,52691
14791,56515,3135,55805,3095,53380,52710
14807,56489,3105,55782,3063,53384,52719
14824,56463,3077,55781,3042,53386,52739
14841,56474,3076,55796,3047,53398,52749
14857,56480,3086,55799,3055,53394,52744
14874,56491,3080,55815,3044,53411,52771
14891,56480,3069,55793,3031,53411,52762
14907,56480,3057,55803,3024,53423,52779
14924,56488,3058,55810,3025,53430,52785
14941,56523,3078,55827,3046,53445,52781
14957,56528,3091,55846,3056,53437,52790
14974,56507,3074,55822,3040,53433,52782
14991,56448,3055,55724,3022,53393,52702
15007,56325,3039,55494,3009,53286,52485
15024,56035,3043,55119,3010,52992,52109
15041,55847,3067,54836,3034,52780,51802
15057,55751,3078,54700,3046,52673,51654
15074,55749,3084,54704,3050,52665,51654
15091,55774,3077,54740,3042,52697,51698
15107,55830,3056,54830,3023,52774,51807
15124,55909,3049,54926,3013,52860,51913
15141,55977,3028,55027,3003,52949,52024
15157,56015,3003,55084,2966,53012,52118
15174,56017,2955,55106,2913,53062,52193
15191,55999,2889,55111,2863,53110,52248
15208,55966,2826,55086,2791,53140,52295
15223,55956,2787,55083,2759,53169,52324
15240,55954,2762,55088,2721,53192,52367
15257,55930,2723,55074,2686,53207,52388
15273,55891,2670,55041,2633,53221,52408
15290,55850,2616,54990,2578,53234,52412
15307,55786,2535,54933,2504,53251,52429
15323,55738,2476,54881,2450,53262,52431
15340,55727,2453,54876,2413,53274,52463
15357,55702,2425,54884,2382,53277,52502
15373,55701,2392,54860,2352,53309,52508
15390,55702,2386,54872,2350,53316,52522
15407,55737,2400,54910,2367,53337,52543
15423,55785,2431,54955,2394,53354,52561
15440,55835,2471,55013,2428,53364,52585
15457,55865,2489,55047,2449,53376,52598
15473,55888,2500,55082,2466,53388,52616
15490,55923,2523,55113,2490,53400,52623
15507,55946,2543,55146,2506,53403,52640
15523,55982,2558,55181,2525,53424,52656
15540,56002,2577,55205,2539,53425,52666
15557,55985,2554,55198,2510,53431,52688
15573,55955,2520,55169,2482,53435,52687
15590,55957,2507,55195,2474,53450,52721
15607,55975,2503,55226,2467,53472,52759
15623,55993,2507,55250,2467,53486,52783
15640,56018,2515,55304,2474,53503,52830
15657,56011,2495,55315,2458,53516,52857
15673,55996,2466,55305,2426,53530,52879
15690,55981,2432,55307,2397,53549,52910
15707,55955,2399,55276,2365,53556,52911
15723,55927,2378,55244,2343,53549,52901
15740,55892,2390,55188,2348,53502,52840
15757,55768,2380,55004,2343,53388,52661
15773,55533,2373,54650,2340,53160,52310
15790,55335,2373,54390,2339,52962,52051
15807,55257,2374,54273,2341,52883,51932
15823,55281,2384,54318,2349,52897,51969
15840,55370,2407,54424,2374,52963,52050
15857,55473,2419,54557,2378,53054,52179
15873,55557,2423,54699,2394,53134,52305
15890,55652,2438,54808,2407,53214,52401
15907,55724,2464,54894,2430,53260,52464
15923,55790,2492,54992,2454,53298,52538
15940,55856,2523,55076,2491,53333,52585
15957,55888,2529,55114,2490,53359,52624
15973,55877,2502,55115,2473,53375,52642
15990,55863,2477,55102,2444,53386,52658
16007,55850,2451,55102,2416,53399,52686
16023,55853,2440,55100,2395,53413,52705
16040,55858,2440,55107,2395,53418,52712
16057,55856,2426,55110,2390,53430,52720
16073,55857,2411,55111,2377,53446,52734
16090,55855,2393,55108,2366,53462,52742
16107,55856,2382,55116,2347,53474,52769
16123,55857,2370,55109,2332,53487,52777
16140,55868,2371,55134,2328,53497,52806
16157,55870,2352,55142,2316,53518,52826
16173,55863,2334,55144,2304,53529,52840
16190,55881,2330,55136,2299,53551,52837
16207,55889,2330,55163,2296,53559,52867
16224,55898,2340,55176,2299,53558,52877
16239,55936,2364,55212,2326,53572,52886
16256,55951,2375,55239,2338,53576,52901
16273,55969,2387,55248,2353,53582,52895
16289,55994,2406,55270,2364,53588,52906
16306,56034,2431,55303,2398,53603,52905
16323,56093,2472,55360,2438,53621,52922
16339,56137,2520,55430,2482,53617,52948
16356,56158,2535,55437,2495,53623,52942
16373,56164,2523,55430,2488,53641,52942
16389,56160,2515,55438,2483,53645,52955
16406,56158,2506,55445,2466,53652,52979
16423,56160,2500,55444,2464,53660,52980
16439,56155,2499,55434,2457,53656,52977
16456,56137,2493,55398,2454,53644,52944
16473,56055,2479,55297,2442,53576,52855
16489,55868,2458,54958,2428,53410,52530
16506,55571,2462,54585,2428,53109,52157
16523,55407,2475,54360,2443,52932,51917
16539,55350,2493,54283,2454,52857,51829
16556,55376,2501,54313,2461,52875,51852
16573,55419,2480,54374,2446,52939,51928
16589,55497,2469,54493,2437,53028,52056
16606,55576,2457,54597,2419,53119,52178
16623,55653,2461,54711,2423,53192,52288
16639,55720,2474,54812,2434,53246,52378
16656,55777,2471,54890,2439,53306,52451
16673,55811,2476,54924,2439,53335,52485
16689,55847,2481,54970,2450,53366,52520
16706,55879,2493,55005,2454,53386,52551
16723,55923,2509,55049,2475,53414,52574
16739,55956,2535,55087,2495,53421,52592
16756,55987,2562,55122,2523,53425,52599
16773,56021,2580,55155,2545,53441,52610
16789,56031,2583,55174,2552,53448,52622
16806,56031,2572,55172,2530,53459,52642
16823,56012,2530,55169,2496,53482,52673
16839,56006,2512,55161,2475,53494,52686
16856,55999,2491,55160,2452,53508,52708
16873,55998,2471,55158,2433,53527,52725
16889,55994,2461,55166,2424,53533,52742
16906,55991,2445,55162,2407,53546,52755
16923,56002,2433,55171,2399,53569,52772
16939,56005,2433,55194,2398,53572,52796
16956,56007,2435,55193,2393,53572,52800
16973,56020,2432,55212,2392,53588,52820
16989,56041,2441,55234,2406,53600,52828
17006,56075,2468,55256,2429,53607,52827
17023,56124,2505,55299,2467,53619,52832
17039,56180,2552,55352,2511,53628,52841
17056,56247,2602,55416,2569,53645,52847
17073,56314,2666,55505,2635,53648,52870
17089,56337,2685,55525,2646,53652,52879
17106,56286,2627,55450,2579,53659,52871
17123,56188,2512,55355,2485,53676,52870
17139,56173,2491,55354,2447,53682,52907
17156,56163,2477,55340,2439,53686,52901
17173,56140,2463,55310,2424,53677,52886
17190,56114,2467,55237,2436,53647,52801
17206,55996,2468,55064,2428,53528,52636
17223,55740,2482,54638,2443,53258,52195
17240,55532,2499,54357,2466,53033,51891
17255,55412,2515,54229,2474,52897,51755
17272,55400,2525,54224,2496,52875,51728
17289,55471,2562,54300,2520,52909,51780
17305,55560,2587,54424,2543,52973,51881
17322,55652,2587,54545,2545,53065,52000
17339,55701,2542,54623,2514,53159,52109
17355,55693,2478,54650,2441,53215,52209
17372,55712,2437,54666,2402,53275,52264
17389,55746,2426,54720,2390,53320,52330
17405,55780,2434,54771,2397,53346,52374
17422,55834,2462,54842,2418,53372,52424
17439,55871,2475,54882,2437,53396,52445
17455,55900,2490,54922,2450,53410,52472
17472,55936,2497,54949,2466,53439,52483
17489,55978,2542,54987,2499,53436,52488
17505,56038,2585,55056,2548,53453,52508
17522,56101,2643,55134,2596,53458,52538
17539,56178,2692,55183,2653,53486,52530
17555,56228,2724,55261,2695,53504,52566
17572,56263,2742,55301,2707,53521,52594
17589,56311,2774,55334,2736,53537,52598
17605,56356,2811,55396,2773,53545,52623
17622,56406,2845,55452,2807,53561,52645
17639,56426,2835,55464,2801,53591,52663
17655,56398,2805,55450,2774,53593,52676
17672,56386,2773,55424,2739,53613,52685
17689,56351,2727,55383,2686,53624,52697
17705,56345,2717,55395,2683,53628,52712
17722,56365,2735,55428,2693,53630,52735
17739,56398,2751,55444,2717,53647,52727
17755,56406,2754,55458,2719,53652,52739
17772,56424,2757,55477,2718,53667,52759
17789,56429,2760,55484,2717,53669,52767
17805,56453,2770,55510,2734,53683,52776
17822,56489,2806,55551,2759,53683,52792
17839,56529,2831,55580,2792,53698,52788
17855,56542,2833,55612,2805,53709,52807
17872,56569,2844,55633,2809,53725,52824
17889,56581,2863,55641,2822,53718,52819
17905,56594,2882,55645,2847,53712,52798
17922,56582,2912,55623,2869,53670,52754
17939,56482,2911,55448,2878,53571,52570
17955,56215,2889,55045,2854,53326,52191
17972,55944,2853,54727,2819,53091,51908
17989,55810,2802,54552,2766,53008,51786
18005,55767,2757,54533,2713,53010,51820
18022,55814,2747,54610,2706,53067,51904
18039,55917,2759,54759,2724,53158,52035
18055,56006,2774,54900,2745,53232,52155
18072,56116,2794,55003,2762,53322,52241
18089,56178,2811,55077,2776,53367,52301
18105,56225,2827,55119,2792,53398,52327
18122,56283,2860,55174,2817,53423,52357
18139,56342,2885,55223,2851,53457,52372
18155,56374,2895,55264,2866,53479,52398
18172,56393,2905,55282,2864,53488,52418
18189,56405,2898,55302,2858,53507,52444
18205,56413,2900,55313,2860,53513,52453
18222,56428,2895,55334,2862,53533,52472
18239,56457,2912,55355,2879,53545,52476
18256,56460,2910,55370,2879,53550,52491
18271,56490,2923,55391,2880,53567,52511
18288,56529,2939,55434,2905,53590,52529
18304,56561,2971,55473,2929,53590,52544
18321,56619,3006,55522,2962,53613,52560
18338,56646,3008,55547,2980,53638,52567
18355,56626,2986,55543,2949,53640,52594
18371,56600,2950,55521,2909,53650,52612
18388,56553,2902,55483,2857,53651,52626
18405,56531,2860,55476,2826,53671,52650
18421,56544,2860,55482,2820,53684,52662
18438,56550,2855,55486,2819,53695,52667
18455,56546,2843,55489,2803,53703,52686
18471,56554,2841,55507,2803,53713,52704
18488,56554,2835,55502,2797,53719,52705
18505,56566,2841,55516,2808,53725,52708
18521,56603,2863,55547,2824,53740,52723
18538,56632,2882,55578,2850,53750,52728
18555,56652,2896,55583,2854,53756,52729
18571,56659,2904,55619,2870,53755,52749
18588,56686,2912,55628,2877,53774,52751
18605,56690,2936,55642,2896,53754,52746
18621,56709,2963,55629,2927,53746,52702
18638,56648,2969,55538,2934,53679,52604
18655,56499,2947,55330,2913,53552,52417
18671,56245,2907,54941,2859,53338,52082
18688,56027,2830,54717,2791,53197,51926
18705,55974,2783,54665,2757,53191,51908
18721,56011,2789,54711,2751,53222,51960
18738,56083,2784,54806,2755,53299,52051
18755,56150,2774,54898,2734,53376,52164
18771,56195,2767,55004,2724,53428,52280
18788,56246,2749,55066,2714,53497,52352
18805,56279,2759,55128,2725,53520,52403
18821,56338,2782,55193,2744,53556,52449
18838,56379,2799,55239,2764,53580,52475
18855,56406,2808,55270,2768,53598,52502
18871,56426,2818,55294,2779,53608,52515
18888,56450,2828,55318,2794,53622,52524
18905,56477,2850,55345,2808,53627,52537
18921,56524,2875,55382,2836,53649,52546
18938,56552,2890,55421,2859,53662,52562
18955,56578,2915,55460,2876,53663,52584
18971,56606,2934,55490,2898,53672,52592
18988,56625,2943,55514,2909,53682,52605
19005,56623,2923,55503,2886,53700,52617
19021,56606,2889,55493,2854,53717,52639
19038,56567,2835,55464,2796,53732,52668
19055,56538,2797,55430,2757,53741,52673
19071,56527,2782,55420,2746,53745,52674
19088,56530,2769,55426,2729,53761,52697
19105,56534,2772,55436,2734,53762,52702
19121,56567,2788,55463,2750,53779,52713
19138,56591,2810,55486,2771,53781,52715
19155,56608,2815,55510,2775,53793,52735
19171,56621,2826,55517,2783,53795,52734
19188,56645,2841,55538,2798,53804,52740
19205,56680,2871,55588,2834,53809,52754
19221,56745,2916,55651,2886,53829,52765
19238,56791,2954,55684,2914,53837,52770
19255,56778,2939,55699,2897,53839,52802
19272,56745,2899,55649,2858,53846,52791
19287,56689,2849,55596,2804,53840,52792
19304,56651,2827,55557,2781,53824,52776
19321,56623,2828,55496,2800,53795,52696
19337,56522,2839,55304,2804,53683,52500
19354,56258,2841,54936,2810,53417,52126
19371,56090,2861,54716,2826,53229,51890
19387,56024,2880,54617,2846,53144,51771
19404,56044,2902,54652,2860,53142,51792
19421,56079,2895,54703,2858,53184,51845
19437,56103,2861,54762,2820,53242,51942
19454,56150,2824,54825,2785,53326,52040
19471,56194,2813,54895,2774,53381,52121
19487,56235,2809,54986,2774,53426,52212
19504,56311,2828,55060,2781,53483,52279
19521,56387,2855,55146,2818,53532,52328
19537,56434,2873,55219,2838,53561,52381
19554,56462,2873,55242,2838,53589,52404
19571,56464,2854,55254,2817,53610,52437
19587,56440,2823,55241,2785,53617,52456
19604,56443,2819,55253,2780,53624,52473
19621,56474,2835,55272,2800,53639,52472
19637,56498,2854,55311,2817,53644,52494
19654,56533,2859,55343,2824,53674,52519
19671,56548,2874,55365,2837,53674,52528
19687,56531,2840,55365,2802,53691,52563
19704,56511,2811,55358,2772,53700,52586
19721,56523,2796,55363,2767,53727,52596
19737,56541,2798,55387,2759,53743,52628
19754,56565,2800,55398,2769,53765,52629
19771,56594,2821,55433,2777,53773,52656
19787,56611,2835,55468,2792,53776,52676
19804,56639,2851,55493,2809,53788,52684
19821,56663,2862,55521,2827,53801,52694
19837,56667,2853,55524,2811,53814,52713
19854,56659,2831,55507,2795,53828,52712
19871,56651,2822,55507,2780,53829,52727
19887,56641,2804,55514,2765,53837,52749
19904,56648,2804,55501,2762,53844,52739
19921,56667,2808,55521,2777,53859,52744
19937,56678,2813,55534,2773,53865,52761
19954,56686,2811,55547,2769,53875,52778
19971,56701,2819,55566,2781,53882,52785
19987,56711,2826,55576,2794,53885,52782
20004,56725,2854,55580,2818,53871,52762
20021,56721,2879,55533,2844,53842,52689
20037,56627,2887,55375,2850,53740,52525
20054,56341,2878,55010,2836,53463,52174
20071,56100,2843,54678,2803,53257,51875
20087,55949,2789,54512,2756,53160,51756
20104,55895,2762,54472,2735,53133,51737
20121,55931,2776,54509,2740,53155,51769
20137,55977,2767,54583,2734,53210,51849
20154,56045,2769,54657,2728,53276,51929
20171,56105,2764,54762,2724,53341,52038
20187,56153,2752,54831,2716,53401,52115
20204,56223,2763,54917,2726,53460,52191
20221,56297,2779,55012,2747,53518,52265
20237,56336,2789,55069,2753,53547,52316
20254,56374,2796,55107,2755,53578,52352
20271,56400,2797,55151,2764,53603,52387
20288,56425,2810,55181,2775,53615,52406
20303,56471,2837,55222,2802,53634,52420
20320,56508,2867,55264,2832,53641,52432
20337,56513,2864,55274,2828,53649,52446
20353,56493,2831,55237,2794,53662,52443
20370,56464,2783,55215,2752,53681,52463
20387,56458,2768,55228,2732,53690,52496
20403,56499,2785,55261,2745,53714,52516
20420,56540,2807,55319,2771,53733,52548
20437,56576,2831,55356,2791,53745,52565
20453,56616,2850,55413,2818,53766,52595
20470,56658,2871,55450,2839,53787,52611
20487,56668,2875,55457,2841,53793,52616
20503,56666,2856,55463,2818,53810,52645
20520,56647,2825,55465,2787,53822,52678
20537,56628,2800,55424,2762,53828,52662
20553,56623,2785,55431,2750,53838,52681
20570,56647,2790,55448,2756,53857,52692
20587,56666,2806,55470,2766,53860,52704
20603,56705,2833,55511,2791,53872,52720
20620,56733,2858,55545,2816,53875,52729
20637,56732,2843,55546,2805,53889,52741
20653,56729,2826,55532,2788,53903,52744
20670,56742,2824,55550,2793,53918,52757
20687,56754,2841,55585,2804,53913,52781
20703,56794,2869,55599,2822,53925,52777
20720,56792,2877,55600,2841,53915,52759
20737,56749,2853,55528,2814,53896,52714
20753,56650,2830,55377,2795,53820,52582
20770,56408,2807,55055,2780,53601,52275
20787,56163,2811,54691,2776,53352,51915
20803,56045,2825,54534,2787,53220,51747
20820,56006,2840,54511,2809,53166,51702
20837,56015,2840,54526,2802,53175,51724
20853,56045,2826,54582,2793,53219,51789
20870,56115,2822,54667,2791,53293,51876
20887,56191,2831,54781,2791,53360,51990
20903,56277,2848,54875,2810,53429,52065
20920,56356,2867,54982,2829,53489,52153
20937,56402,2866,55058,2826,53536,52232
20953,56434,2858,55109,2820,53576,52289
20970,56461,2856,55138,2812,53605,52326
20987,56479,2849,55168,2810,53630,52358
21003,56517,2859,55195,2820,53658,52375
21020,56532,2868,55227,2831,53664,52396
21037,56535,2855,55221,2827,53680,52394
21053,56531,2854,55224,2812,53677,52412
21070,56543,2846,55225,2815,53697,52410
21087,56545,2842,55239,2812,53703,52427
21103,56580,2853,55269,2814,53727,52455
21120,56600,2864,55318,2821,53736,52497
21137,56614,2854,55332,2816,53760,52516
21153,56622,2847,55334,2804,53775,52530
21170,56627,2835,55349,2800,53792,52549
21187,56637,2833,55368,2790,53804,52578
21203,56675,2844,55404,2806,53831,52598
21220,56696,2857,55441,2826,53839,52615
21237,56713,2858,55446,2819,53855,52627
21253,56705,2846,55452,2808,53859,52644
21270,56708,2833,55454,2794,53875,52660
21287,56705,2820,55448,2784,53885,52664
21304,56732,2833,55469,2791,53899,52678
21319,56744,2840,55482,2805,53904,52677
21336,56761,2843,55494,2803,53918,52691
21353,56760,2842,55505,2805,53918,52700
21369,56770,2840,55508,2804,53930,52704
21386,56775,2842,55524,2801,53933,52723
21403,56800,2844,55536,2815,53956,52721
21419,56806,2857,55542,2817,53949,52725
21436,56815,2850,55552,2811,53965,52741
21453,56817,2843,55561,2810,53974,52751
21469,56811,2835,55557,2806,53976,52751
21486,56801,2839,55526,2802,53962,52724
21503,56778,2848,55484,2817,53930,52667
21519,56678,2859,55287,2818,53819,52469
21536,56391,2852,54913,2814,53539,52099
21553,56192,2847,54643,2818,53345,51825
21569,56095,2844,54521,2809,53251,51712
21586,56083,2844,54507,2809,53239,51698
21603,56138,2850,54571,2813,53288,51758
21619,56206,2857,54670,2818,53349,51852
21636,56296,2856,54770,2818,53440,51952
21653,56358,2861,54889,2819,53497,52070
21669,56411,2851,54949,2817,53560,52132
21686,56460,2852,55018,2809,53608,52209
21703,56514,2859,55070,2828,53655,52242
21719,56542,2868,55126,2830,53674,52296
21736,56560,2853,55151,2813,53707,52338
21753,56570,2849,55178,2814,53721,52364
21769,56571,2839,55173,2803,53732,52370
21786,56586,2844,55187,2808,53742,52379
21803,56614,2859,55199,2830,53755,52369
21819,56629,2878,55239,2831,53751,52408
21836,56638,2866,55231,2830,53772,52401
21853,56629,2850,55234,2808,53779,52426
21869,56631,2834,55238,2798,53797,52440
21886,56651,2837,55259,2799,53814,52460
21903,56698,2861,55295,2825,53837,52470
21919,56723,2872,55337,2839,53851,52498
21936,56743,2877,55346,2834,53866,52512
21953,56745,2861,55353,2835,53884,52518
21969,56741,2856,55355,2817,53885,52538
21986,56753,2846,55369,2815,53907,52554
22003,56777,2857,55396,2824,53920,52572
22019,56793,2868,55425,2833,53925,52592
22036,56812,2871,55437,2827,53941,52610
22053,56803,2862,55443,2826,53941,52617
22069,56813,2854,55446,2817,53959,52629
22086,56808,2846,55457,2814,53962,52643
22103,56838,2857,55472,2823,53981,52649
22119,56854,2868,55492,2829,53986,52663
22136,56862,2869,55509,2829,53993,52680
22153,56856,2859,55507,2822,53997,52685
22169,56863,2853,55508,2820,54010,52688
22186,56871,2849,55509,2812,54022,52697
22203,56874,2851,55514,2817,54023,52697
22219,56858,2852,55506,2813,54006,52693
22236,56826,2851,55432,2806,53975,52626
22253,56717,2840,55247,2810,53877,52437
22269,56496,2844,54913,2815,53652,52098
22286,56291,2853,54664,2817,53438,51847
22303,56233,2865,54585,2832,53368,51753
22320,56227,2870,54592,2835,53357,51757
22335,56240,2858,54633,2824,53382,51809
22352,56306,2851,54702,2818,53455,51884
22369,56376,2848,54797,2811,53528,51986
22385,56430,2845,54893,2805,53585,52088
22402,56505,2848,54983,2812,53657,52171
22419,56554,2847,55063,2813,53707,52250
22435,56572,2841,55115,2802,53731,52313
22452,56621,2842,55153,2812,53779,52341
22469,56643,2854,55200,2809,53789,52391
22485,56676,2865,55230,2826,53811,52404
22502,56702,2881,55268,2843,53821,52425
22519,56703,2864,55267,2828,53839,52439
22535,56696,2854,55259,2820,53842,52439
22552,56700,2848,55261,2818,53852,52443
22569,56714,2856,55277,2819,53858,52458
22585,56753,2868,55305,2828,53885,52477
22602,56785,2892,55353,2848,53893,52505
22619,56795,2886,55370,2846,53909,52524
22635,56792,2863,55373,2828,53929,52545
22652,56798,2848,55380,2818,53950,52562
22669,56803,2841,55386,2806,53962,52580
22685,56833,2858,55407,2820,53975,52587
22702,56852,2876,55453,2832,53976,52621
22719,56866,2876,55474,2835,53990,52639
22735,56870,2859,55469,2825,54011,52644
22752,56871,2855,55480,2825,54016,52655
22769,56876,2856,55488,2814,54020,52674
22785,56906,2863,55502,2823,54043,52679
22802,56928,2880,55535,2846,54048,52689
22819,56938,2889,55543,2849,54049,52694
22835,56929,2869,55537,2830,54060,52707
22852,56922,2852,55530,2818,54070,52712
22869,56917,2842,55526,2806,54075,52720
22885,56940,2850,55542,2814,54090,52728
22902,56969,2868,55576,2837,54101,52739
22919,56982,2877,55594,2842,54105,52752
22935,56979,2878,55601,2840,54101,52761
22952,56974,2865,55564,2834,54109,52730
22969,56947,2856,55531,2819,54091,52712
22985,56887,2867,55423,2826,54020,52597
23002,56674,2880,55144,2843,53794,52301
23019,56405,2864,54723,2823,53541,51900
23035,56219,2829,54506,2801,53390,51705
23052,56112,2815,54388,2779,53297,51609
23069,56087,2806,54372,2767,53281,51605
23085,56126,2814,54424,2777,53312,51647
23102,56210,2841,54522,2807,53369,51715
23119,56272,2856,54625,2817,53416,51808
23135,56330,2868,54703,2840,53462,51863
23152,56416,2887,54787,2848,53529,51939
23169,56461,2881,54868,2848,53580,52020
23185,56496,2873,54918,2834,53623,52084
23202,56534,2860,54974,2828,53674,52146
23219,56547,2844,54992,2807,53703,52185
23235,56555,2835,55018,2799,53720,52219
23252,56575,2829,55035,2791,53746,52244
23269,56576,2824,55037,2787,53752,52250
23285,56584,2828,55038,2784,53756,52254
23302,56618,2852,55075,2815,53766,52260
23319,56655,2877,55116,2839,53778,52277
23336,56686,2896,55156,2867,53790,52289
23351,56719,2909,55193,2875,53810,52318
23368,56733,2896,55204,2859,53837,52345
23385,56716,2853,55189,2823,53863,52366
23401,56717,2840,55211,2802,53877,52409
23418,56734,2830,55231,2794,53904,52437
23435,56742,2826,55243,2790,53916,52453
23451,56766,2832,55271,2795,53934,52476
23468,56781,2834,55281,2795,53947,52486
23485,56819,2847,55320,2812,53972,52508
23501,56852,2873,55362,2831,53979,52531
23518,56868,2882,55383,2843,53986,52540
23535,56884,2876,55406,2839,54008,52567
23551,56894,2885,55413,2855,54009,52558
23568,56916,2891,55429,2853,54025,52576
23585,56922,2889,55418,2847,54033,52571
23601,56909,2869,55431,2825,54040,52606
23618,56887,2837,55409,2803,54050,52606
23635,56880,2818,55424,2783,54062,52641
23651,56889,2823,55415,2784,54066,52631
23668,56905,2827,55426,2784,54078,52642
23685,56932,2846,55456,2807,54086,52649
23701,56954,2859,55484,2823,54095,52661
23718,56948,2860,55474,2826,54088,52648
23735,56905,2843,55394,2809,54062,52585
23751,56799,2847,55208,2817,53952,52391
23768,56511,2852,54827,2811,53659,52016
23785,56300,2853,54521,2813,53447,51708
23801,56185,2862,54382,2826,53323,51556
23818,56115,2864,54319,2829,53251,51490
23835,56117,2856,54335,2821,53261,51514
23851,56138,2851,54370,2819,53287,51551
23868,56182,2839,54414,2800,53343,51614
23885,56229,2839,54494,2806,53390,51688
23901,56280,2839,54565,2810,53441,51755
23918,56326,2835,54627,2805,53491,51822
23935,56364,2826,54693,2791,53538,51902
23951,56413,2826,54766,2798,53587,51968
23968,56464,2835,54818,2792,53629,52026
23985,56515,2846,54876,2810,53669,52066
24001,56547,2849,54921,2818,53698,52103
24018,56557,2850,54930,2817,53707,52113
24035,56558,2842,54942,2806,53716,52136
24051,56558,2845,54942,2811,53713,52131
24068,56572,2847,54944,2803,53725,52141
24085,56592,2853,54963,2821,53739,52142
24101,56620,2858,55009,2827,53762,52182
24118,56639,2857,55033,2820,53782,52213
24135,56652,2842,55060,2804,53810,52256
24151,56674,2840,55083,2804,53834,52279
24168,56701,2841,55113,2802,53860,52311
24185,56734,2851,55149,2816,53883,52333
24201,56768,2869,55198,2832,53899,52366
24218,56787,2874,55218,2837,53913,52381
24235,56802,2872,55251,2833,53930,52418
24251,56826,2875,55266,2847,53951,52419
24268,56848,2884,55290,2848,53964,52442
24285,56882,2904,55316,2867,53978,52449
24301,56908,2918,55365,2882,53990,52483
24318,56903,2905,55359,2871,53998,52488
24335,56878,2864,55341,2832,54014,52509
24351,56849,2833,55307,2800,54016,52507
24367,56841,2812,55308,2769,54029,52539
24384,56848,2820,55318,2772,54028,52546
24401,56865,2808,55336,2773,54057,52563
24417,56864,2802,55337,2761,54062,52576
24434,56870,2793,55332,2758,54077,52574
24451,56877,2798,55354,2757,54079,52597
24467,56892,2802,55353,2760,54090,52593
24484,56913,2817,55389,2777,54096,52612
24501,56926,2831,55391,2797,54095,52594
24517,56903,2829,55329,2796,54074,52533
24534,56786,2833,55168,2796,53953,52372
24551,56527,2842,54756,2807,53685,51949
24567,56302,2851,54465,2814,53451,51651
24584,56174,2874,54329,2842,53300,51487
24601,56149,2901,54285,2867,53248,51418
24617,56146,2902,54294,2872,53244,51422
24634,56195,2894,54354,2861,53301,51493
24651,56243,2897,54450,2857,53346,51593
24667,56307,2899,54517,2861,53408,51656
24684,56363,2904,54608,2867,53459,51741
24701,56423,2906,54675,2877,53517,51798
24717,56461,2885,54737,2854,53576,51883
24734,56496,2864,54782,2830,53632,51952
24751,56519,2862,54834,2825,53657,52009
24767,56555,2857,54861,2825,53698,52036
24784,56582,2870,54899,2835,53712,52064
24801,56600,2870,54910,2835,53730,52075
24817,56574,2843,54904,2812,53731,52092
24834,56559,2830,54870,2795,53729,52075
24851,56550,2817,54857,2777,53733,52080
24867,56566,2811,54878,2776,53755,52102
24884,56583,2815,54907,2780,53768,52127
24901,56610,2810,54922,2775,53800,52147
24917,56621,2794,54957,2758,53827,52199
24934,56621,2766,54956,2733,53855,52223
24951,56624,2751,54982,2709,53873,52273
24967,56632,2746,54982,2702,53886,52280
24984,56657,2741,55016,2711,53916,52305
25001,56680,2753,55053,2716,53927,52337
25017,56688,2740,55066,2703,53948,52363
25034,56694,2733,55063,2700,53961,52363
25051,56707,2734,55077,2688,53973,52389
25067,56716,2737,55101,2694,53979,52407
25084,56736,2740,55134,2703,53996,52431
25101,56774,2758,55150,2718,54016,52432
25117,56780,2752,55168,2721,54028,52447
25134,56789,2755,55170,2716,54034,52454
25151,56795,2753,55187,2712,54042,52475
25167,56809,2759,55197,2717,54050,52480
25184,56841,2769,55239,2738,54072,52501
25201,56849,2774,55229,2735,54075,52494
25217,56848,2754,55235,2724,54094,52511
25234,56847,2753,55247,2720,54094,52527
25251,56853,2752,55252,2717,54101,52535
25267,56875,2758,55264,2718,54117,52546
25284,56899,2772,55292,2738,54127,52554
25301,56924,2792,55311,2753,54132,52558
25317,56923,2789,55300,2760,54134,52540
25334,56900,2805,55261,2760,54095,52501
25351,56813,2807,55104,2770,54006,52334
25368,56563,2820,54780,2782,53743,51998
25383,56393,2858,54501,2817,53535,51684
25400,56282,2894,54377,2850,53388,51527
25417,56258,2916,54333,2874,53342,51459
25433,56288,2927,54391,2887,53361,51504
25450,56310,2897,54434,2862,53413,51572
25467,56292,2815,54442,2782,53477,51660
25483,56338,2796,54513,2753,53542,51760
25500,56409,2799,54595,2762,53610,51833
25517,56468,2810,54699,2764,53658,51935
25533,56528,2814,54773,2779,53714,51994
25550,56571,2816,54818,2782,53755,52036
25567,56611,2830,54874,2794,53781,52080
25583,56652,2851,54921,2810,53801,52111
25600,56673,2862,54948,2820,53811,52128
25617,56680,2848,54944,2811,53832,52133
25633,56694,2848,54957,2813,53846,52144
25650,56700,2851,54959,2816,53849,52143
25667,56706,2848,54966,2816,53858,52150
25683,56719,2856,54986,2815,53863,52171
25700,56730,2841,54995,2802,53889,52193
25717,56727,2813,55014,2780,53914,52234
25733,56735,2807,55027,2769,53928,52258
25750,56745,2797,55045,2759,53948,52286
25767,56768,2803,55064,2765,53965,52299
25783,56801,2814,55103,2776,53987,52327
25800,56831,2821,55122,2786,54010,52336
25817,56843,2826,55156,2783,54017,52373
25833,56859,2831,55173,2796,54028,52377
25850,56877,2837,55186,2799,54040,52387
25867,56906,2843,55219,2810,54063,52409
25883,56942,2873,55268,2836,54069,52432
25900,56977,2900,55291,2855,54077,52436
25917,57004,2906,55318,2867,54098,52451
25933,57018,2918,55342,2880,54100,52462
25950,57038,2926,55355,2888,54112,52467
25967,57061,2938,55376,2904,54123,52472
25983,57100,2966,55417,2927,54134,52490
26000,57117,2974,55456,2940,54143,52516
26017,57121,2973,55462,2933,54148,52529
26033,57134,2979,55460,2934,54155,52526
26050,57140,2972,55471,2932,54168,52539
26067,57148,2970,55478,2943,54178,52535
26083,57166,2982,55499,2940,54184,52559
26100,57131,2940,55456,2901,54191,52555
26117,57028,2841,55347,2807,54187,52540
26133,56919,2775,55213,2739,54144,52474
26150,56770,2755,55016,2716,54015,52300
26167,56515,2761,54601,2721,53754,51880
26183,56266,2776,54329,2734,53490,51595
26200,56164,2778,54184,2746,53386,51438
26217,56119,2777,54129,2749,53342,51380
26233,56118,2776,54153,2743,53342,51410
26250,56153,2772,54186,2737,53381,51449
26267,56211,2782,54283,2743,53429,51540
26283,56279,2802,54364,2759,53477,51605
26300,56335,2803,54434,2766,53532,51668
26317,56382,2797,54513,2769,53585,51744
26333,56431,2789,54570,2754,53642,51816
26350,56472,2783,54623,2746,53689,51877
26367,56502,2784,54683,2749,53718,51934
26384,56550,2807,54734,2765,53743,51969
26399,56582,2809,54768,2777,53773,51991
26416,56600,2816,54780,2773,53784,52007
26433,56615,2818,54803,2779,53797,52024
26449,56621,2814,54811,2779,53807,52032
26466,56644,2824,54834,2795,53820,52039
26483,56680,2849,54858,2814,53831,52044
26499,56699,2848,54895,2812,53851,52083
26516,56719,2843,54916,2811,53876,52105
26533,56734,2847,54948,2804,53887,52144
26549,56756,2842,54973,2798,53914,52175
26566,56786,2847,55009,2805,53939,52204
26583,56830,2858,55052,2825,53972,52227
26599,56850,2870,55083,2833,53980,52250
26616,56870,2872,55110,2836,53998,52274
26633,56886,2876,55129,2832,54010,52297
26649,56891,2857,55132,2829,54034,52303
26666,56902,2862,55154,2830,54040,52324
26683,56929,2871,55178,2838,54058,52340
26699,56929,2860,55183,2822,54069,52361
26716,56928,2854,55176,2814,54074,52362
26733,56928,2845,55184,2799,54083,52385
26749,56924,2832,55176,2796,54092,52380
26766,56943,2837,55210,2807,54106,52403
26783,56987,2867,55252,2831,54120,52421
26799,57017,2898,55298,2859,54119,52439
26816,57061,2927,55332,2880,54134,52452
26833,57085,2935,55357,2894,54150,52463
26849,57072,2924,55348,2881,54148,52467
26866,57072,2904,55357,2880,54168,52477
26883,57088,2909,55363,2875,54179,52488
26899,57075,2896,55346,2859,54179,52487
26916,57031,2864,55293,2826,54167,52467
26933,56953,2817,55184,2776,54136,52408
26949,56810,2778,54967,2742,54032,52225
26966,56515,2772,54602,2742,53743,51860
26983,56275,2788,54239,2751,53487,51488
26999,56127,2791,54084,2757,53336,51327
27016,56055,2788,53986,2744,53267,51242
27033,56049,2786,53995,2749,53263,51246
27049,56066,2780,54033,2742,53286,51291
27066,56114,2784,54099,2754,53330,51345
27083,56185,2807,54172,2772,53378,51400
27099,56240,2815,54254,2782,53425,51472
27116,56290,2834,54306,2791,53456,51515
27133,56345,2845,54400,2811,53500,51589
27149,56411,2847,54465,2810,53564,51655
27166,56455,2851,54540,2821,53604,51719
27183,56490,2850,54584,2812,53640,51772
27199,56503,2823,54591,2786,53680,51805
27216,56498,2808,54593,2763,53690,51830
27233,56503,2804,54610,2765,53699,51845
27249,56516,2794,54612,2760,53722,51852
27266,56532,2797,54629,2769,53735,51860
27283,56558,2819,54665,2782,53739,51883
27299,56572,2809,54680,2773,53763,51907
27316,56570,2785,54688,2748,53785,51940
27333,56581,2773,54716,2736,53808,51980
27349,56606,2762,54741,2725,53844,52016
27366,56638,2772,54786,2743,53866,52043
27383,56699,2815,54851,2775,53884,52076
27400,56760,2846,54921,2813,53914,52108
27415,56810,2885,54978,2855,53925,52123
27432,56889,2944,55047,2906,53945,52141
27449,56939,2968,55111,2936,53971,52175
27465,56938,2954,55104,2910,53984,52194
27482,56813,2816,55001,2789,53997,52212
27499,56767,2759,54940,2724,54008,52216
27515,56741,2726,54927,2686,54015,52241
27532,56741,2714,54925,2673,54027,52252
27549,56758,2718,54952,2677,54040,52275
27565,56793,2741,54976,2701,54052,52275
27582,56825,2757,55008,2724,54068,52284
27599,56844,2771,55030,2735,54073,52295
27615,56860,2782,55067,2749,54078,52318
27632,56887,2795,55080,2757,54092,52323
27649,56915,2814,55115,2778,54101,52337
27665,56954,2842,55159,2809,54112,52350
27682,57013,2884,55221,2847,54129,52374
27699,57048,2915,55256,2874,54133,52382
27715,57049,2908,55259,2871,54141,52388
27732,57018,2885,55211,2846,54133,52365
27749,56953,2847,55119,2814,54106,52305
27765,56838,2821,54930,2779,54017,52151
27782,56520,2787,54554,2756,53733,51798
27799,56216,2760,54131,2720,53456,51411
27815,56036,2735,53922,2699,53301,51223
27832,55961,2731,53835,2693,53230,51142
27849,55959,2727,53857,2689,53232,51168
27865,56020,2749,53922,2707,53271,51215
27882,56106,2778,54032,2740,53328,51292
27899,56187,2806,54149,2767,53381,51382
27915,56255,2832,54226,2797,53423,51429
27932,56363,2888,54333,2843,53475,51490
27949,56462,2927,54461,2894,53535,51567
27965,56560,2969,54570,2935,53591,51635
27982,56607,2976,54624,2939,53631,51685
27999,56488,2826,54521,2779,53662,51742
28015,56450,2763,54484,2724,53687,51760
28032,56459,2756,54496,2720,53703,51776
28049,56456,2747,54505,2707,53709,51798
28065,56452,2739,54498,2699,53713,51799
28082,56471,2736,54526,2700,53735,51826
28099,56483,2738,54538,2698,53745,51840
28115,56504,2736,54569,2698,53768,51871
28132,56530,2745,54589,2696,53785,51893
28149,56558,2748,54631,2711,53810,51920
28165,56602,2767,54686,2727,53835,51959
28182,56661,2798,54747,2758,53863,51989
28199,56701,2817,54806,2782,53884,52024
28215,56757,2847,54857,2808,53910,52049
28232,56822,2903,54926,2859,53919,52067
28249,56878,2939,54996,2910,53939,52086
28265,56902,2956,55025,2918,53946,52107
28282,56844,2873,54977,2846,53971,52131
28299,56759,2785,54884,2747,53974,52137
28315,56750,2756,54869,2717,53994,52152
28332,56754,2755,54874,2714,53999,52160
28349,56757,2743,54888,2711,54014,52177
28365,56750,2726,54885,2687,54024,52198
28382,56753,2721,54881,2683,54032,52198
28399,56754,2710,54895,2675,54044,52220
28416,56753,2706,54885,2669,54047,52216
28431,56764,2702,54898,2671,54062,52227
28448,56784,2711,54903,2681,54073,52222
28465,56819,2733,54941,2699,54086,52242
28481,56836,2751,54979,2712,54085,52267
28498,56858,2761,54984,2713,54097,52271
28515,56865,2760,55019,2722,54105,52297
28531,56877,2757,55015,2726,54120,52289
28548,56884,2761,55020,2724,54123,52296
28565,56912,2769,55044,2738,54143,52306
28581,56909,2780,55050,2738,54129,52312
28598,56883,2772,55016,2734,54111,52282
28615,56819,2761,54900,2728,54058,52172
28631,56678,2759,54671,2729,53919,51942
28648,56378,2765,54318,2728,53613,51590
28665,56204,2779,54051,2748,53425,51303
28681,56127,2790,53980,2757,53337,51223
28698,56137,2792,53995,2751,53345,51244
28715,56167,2777,54060,2741,53390,51319
28731,56225,2768,54132,2733,53457,51399
28748,56287,2762,54218,2727,53525,51491
28765,56373,2776,54307,2745,53597,51562
28781,56418,2787,54392,2745,53631,51647
28798,56466,2779,54451,2738,53687,51713
28815,56496,2778,54509,2741,53718,51768
28831,56518,2768,54535,2734,53750,51801
28848,56546,2770,54557,2735,53776,51822
28865,56586,2785,54594,2743,53801,51851
28881,56606,2797,54628,2761,53809,51867
28898,56613,2798,54624,2754,53815,51870
28915,56613,2785,54625,2753,53828,51872
28931,56624,2790,54643,2749,53834,51894
28948,56640,2791,54657,2758,53849,51899
28965,56682,2810,54693,2773,53872,51920
28981,56707,2826,54736,2787,53881,51949
28998,56717,2820,54759,2779,53897,51980
29015,56718,2799,54765,2769,53919,51996
29031,56733,2790,54772,2759,53943,52013
29048,56749,2784,54788,2752,53965,52036
29065,56777,2801,54818,2765,53976,52053
29081,56800,2814,54849,2777,53986,52072
29098,56818,2821,54875,2785,53997,52090
29115,56836,2832,54909,2797,54004,52112
29131,56889,2862,54950,2828,54027,52122
29148,56907,2877,54973,2841,54030,52132
29165,56937,2889,54988,2845,54048,52143
29181,56930,2880,54997,2849,54050,52148
29198,56899,2846,54976,2808,54053,52168
29215,56879,2809,54950,2777,54070,52173
29231,56866,2789,54941,2761,54077,52180
29248,56863,2784,54949,2746,54079,52203
29265,56882,2789,54953,2743,54093,52210
29281,56887,2791,54968,2755,54096,52213
29298,56889,2786,54970,2741,54103,52229
29315,56894,2776,54982,2740,54118,52242
29331,56898,2771,54982,2735,54127,52247
29348,56908,2772,54989,2742,54136,52247
29365,56934,2792,55014,2751,54142,52263
29381,56947,2796,55033,2757,54151,52276
29398,56930,2785,55007,2742,54145,52265
29415,56891,2768,54966,2732,54123,52234
29432,56819,2759,54842,2722,54060,52120
29447,56700,2761,54643,2718,53939,51925
29464,56420,2775,54298,2735,53645,51563
29481,56219,2781,54012,2742,53438,51270
29497,56114,2772,53904,2740,53342,51164
29514,56107,2786,53894,2749,53321,51145
29531,56148,2785,53965,2749,53363,51216
29547,56211,2802,54041,2762,53409,51279
29564,56292,2817,54157,2785,53475,51372
29581,56346,2825,54226,2783,53521,51443
29597,56383,2810,54287,2781,53573,51506
29614,56431,2807,54332,2773,53624,51559
29631,56467,2801,54376,2770,53666,51606
29647,56516,2814,54436,2774,53702,51662
29664,56557,2824,54485,2790,53733,51695
29681,56578,2832,54525,2796,53746,51729
29697,56580,2814,54523,2780,53766,51743
29714,56579,2797,54529,2761,53782,51768
29731,56571,2778,54511,2745,53793,51766
29747,56573,2775,54525,2731,53798,51794
29764,56592,2780,54548,2743,53812,51805
29781,56611,2784,54587,2759,53827,51828
29797,56647,2796,54606,2757,53851,51849
29814,56681,2812,54644,2777,53869,51867
29831,56707,2820,54673,2785,53887,51888
29847,56733,2834,54717,2791,53899,51926
29864,56762,2843,54736,2806,53919,51930
29881,56782,2844,54772,2813,53938,51959
29897,56797,2843,54788,2812,53954,51976
29914,56813,2849,54798,2813,53964,51985
29931,56828,2854,54827,2817,53974,52010
29947,56846,2864,54832,2817,53982,52015
29964,56873,2878,54880,2849,53995,52031
29981,56884,2877,54905,2841,54007,52064
29997,56878,2861,54881,2829,54017,52052
